1 250097
2 3223
2 920
3 810
3 710
4 812
3 715
5 938
4 776
4 2382
4 753
5 861
5 828
5 851
6 8953
7 1086
6 920
6 894
7 1100
8 1068
5 827
7 1046
8 1092
7 1031
6 934
5 3088
8 1168
6 16674
9 1245
9 1416
6 897
6 986
3 665
5 861
6 944
4 766
8 1068
7 1043
8 1046
4 762
7 1036
5 887
8 1156
5 872
4 756
7 1045
7 7861
8 1401
6 1154
8 1489
9 1359
9 1532
5 1091
7 6181
5 1117
10 1751
6 1118
6 1655
9 1631
8 1462
5 1123
7 1385
9 1586
6 1215
4 951
9 1865
8 1543
9 1583
10 1513
10 1571
10 1788
6 1228
9 1924
8 2323
7 1376
5 1026
9 1521
7 1315
8 1504
9 1504
9 1606
8 1481
7 1897
10 1603
10 1586
7 1385
7 1239
11 1768
11 2221
11 5633
6 1290
8 1397
6 1131
8 1395
7 1528
8 1486
8 1434
7 1280
12 1948
10 2287
9 1554
13 1904
9 1462
11 2246
11 1700
12 1891
10 1698
9 1485
8 1391
10 1593
10 1727
9 1575
12 3313
6 1598
9 1578
11 1691
13 2324
9 1533
10 1543
11 1701
12 1758
12 1750
12 1959
7 1387
11 1820
11 1691
9 1785
7 2312
8 1415
7 1721
10 1571
7 1219
10 1520
12 9406
11 1601
13 1855
8 1273
11 3385
13 3205
11 1654
8 17381
12 2353
9 1321
9 2371
7 1446
7 16419
6 791
14 1335
8 670
9 1493
6 419
8 443
10 455
14 453
12 1046
10 617
9 579
5 586
6 520
7 627
13 694
8 609
7 497
13 803
8 456
9 464
9 458
9 506
11 433
9 434
13 936
9 459
12 485
13 480
10 574
11 475
6 393
11 485
12 441
10 446
8 424
10 460
12 451
13 490
12 439
9 452
9 636
7 419
9 434
9 446
10 558
8 779
10 447
9 8665
12 459
8 432
14 475
10 783
11 470
12 477
8 416
8 454
11 452
14 491
13 488
10 456
10 447
15 451
7 443
9 413
7 446
12 445
8 426
10 449
10 438
12 1869
14 481
11 500
13 473
10 16664
11 438
10 543
14 476
11 445
11 471
13 560
10 506
6 396
13 418
9 493
9 446
16 470
11 478
8 483
12 499
11 455
13 459
12 472
10 427
9 428
13 26278
11 1011
13 740
15 780
14 768
10 688
10 719
12 968
11 753
9 628
10 585
10 633
12 686
11 641
9 564
13 2115
9 746
13 776
11 622
11 666
12 710
9 614
11 613
13 684
10 683
14 2962
8 650
15 797
6 586
8 619
9 624
11 880
15 747
10 703
12 726
16 723
14 672
10 629
14 670
14 847
14 705
14 637
14 863
11 690
13 621
17 757
10 584
15 1136
10 630
10 647
12 701
10 620
6 584
15 899
11 717
10 642
7 568
12 717
12 598
13 651
10 730
7 592
5 582
8 623
8 699
11 670
13 671
8 635
12 1113
11 640
14 742
11 656
16 729
10 868
10 582
14 739
7 682
8 577
9 754
16 766
13 721
11 758
7 615
11 595
13 728
6 9370
15 995
13 654
11 689
10 606
10 572
12 619
11 636
10 555
9 761
16 830
13 687
9 567
10 711
7 510
12 626
12 593
12 786
15 666
8 566
9 662
7 533
13 647
14 746
13 690
12 737
16 658
10 665
13 676
12 538
15 1524
10 751
11 576
9 567
7 456
12 499
16 630
11 514
11 807
11 997
14 1027
15 785
17 656
9 1141
11 511
11 488
13 652
14 593
15 586
13 663
14 661
14 572
11 626
10 507
9 693
9 511
11 529
10 643
11 647
12 601
18 657
15 890
13 470
15 447
8 438
12 558
14 528
11 517
12 2092
13 630
14 738
10 622
8 457
10 507
16 562
7 400
13 608
12 455
9 480
16 590
14 698
12 483
11 455
13 534
14 602
15 504
10 519
14 466
18 737
12 599
8 396
12 434
17 579
15 486
9 503
10 476
16 448
15 550
18 500
17 620
14 716
10 490
11 516
16 536
10 436
11 516
6 383
13 505
10 500
13 407
10 495
14 563
17 514
16 5857
13 518
11 515
8 589
16 532
13 398
11 418
8 347
11 477
11 405
6 400
7 324
13 424
17 488
7 328
15 1265
11 434
10 405
11 500
12 400
8 329
9 374
9 393
9 366
10 442
19 575
14 372
11 266
12 240
15 294
9 1575
13 594
15 392
13 332
18 408
12 292
8 271
14 419
14 348
15 368
9 619
8 286
12 399
14 344
15 334
15 393
13 361
10 254
11 315
11 283
17 508
12 327
12 321
10 323
14 396
13 318
11 297
7 245
14 403
14 342
8 253
9 246
10 297
9 361
13 337
14 299
7 461
9 203
19 302
9 181
18 258
12 205
13 193
13 191
13 200
9 171
11 192
14 214
6 225
14 256
15 230
12 204
17 232
12 3381
15 261
14 318
10 600
11 200
14 213
12 199
11 275
12 198
9 178
15 331
11 191
11 258
13 211
7 144
11 255
16 212
13 294
11 174
10 198
16 235
15 235
8 163
16 223
19 290
11 200
10 168
13 189
13 202
13 278
10 170
15 211
14 192
10 174
13 291
17 272
15 225
14 201
15 207
8 245
8 166
13 322
11 246
16 224
14 220
19 337
20 429
15 291
11 265
12 186
10 268
11 191
9 184
11 253
12 191
15 290
11 282
12 187
14 219
12 187
16 307
16 246
13 199
9 173
12 190
14 439
10 179
14 306
16 225
12 274
11 187
8 248
10 184
19 274
17 327
13 217
17 319
9 167
13 202
15 285
18 264
13 210
12 287
13 348
8 239
16 229
16 246
12 200
9 184
14 211
14 275
11 180
15 302
8 172
8 166
10 262
11 173
10 171
17 251
12 213
13 279
14 194
13 181
11 196
9 160
9 172
14 224
18 332
10 200
13 204
19 264
18 281
15 235
15 283
14 217
16 228
10 195
14 218
16 234
11 274
10 173
16 304
8 166
16 215
21 306
16 252
13 206
13 191
11 1056
9 191
12 250
15 308
16 463
15 220
11 194
14 274
16 234
10 422
10 178
12 195
8 163
16 221
11 183
12 186
11 196
16 234
15 239
13 197
18 268
14 199
10 173
10 168
16 212
15 228
10 205
14 220
8 167
14 263
14 226
14 266
12 190
8 165
18 6923
14 329
12 342
12 616
10 293
11 348
15 397
8 378
14 318
13 201
14 219
12 299
15 296
17 352
13 202
13 207
12 261
12 188
12 200
14 373
13 199
13 282
11 191
12 181
9 569
17 227
11 205
15 303
11 208
16 298
11 195
16 289
8 245
18 268
15 224
17 412
17 255
9 251
18 237
12 215
12 246
17 228
13 207
12 278
10 177
16 315
11 638
13 192
16 299
12 200
10 173
15 300
12 198
16 334
16 223
11 6577
10 294
12 280
15 317
8 499
10 282
13 383
10 257
13 319
11 366
9 273
16 420
15 663
16 241
13 209
10 175
15 190
15 224
16 232
15 296
16 237
19 278
16 495
13 210
13 206
13 284
11 188
17 324
17 250
15 223
14 214
15 219
10 194
14 219
12 195
14 275
17 221
14 220
9 447
16 7597
11 218
18 324
9 244
8 267
16 260
13 278
10 250
14 211
13 202
13 190
16 224
19 358
18 355
15 309
12 216
7 163
17 237
11 193
14 216
18 266
12 193
12 195
14 301
8 158
10 186
20 285
11 184
12 278
7 150
9 180
20 341
12 214
11 183
17 230
17 235
15 313
17 316
17 332
7 249
8 168
20 358
17 244
11 394
14 230
12 184
17 275
11 218
11 189
15 210
11 203
15 301
15 211
14 281
9 175
15 214
13 207
16 243
16 236
18 532
13 219
14 206
17 306
8 165
19 283
11 195
16 218
17 343
9 171
9 241
12 204
18 233
13 216
9 170
16 219
19 356
9 277
17 241
15 309
11 186
14 286
10 174
9 163
20 367
14 242
17 337
8 250
12 187
16 313
20 284
11 197
12 185
12 174
12 185
16 225
12 196
14 200
13 184
11 188
12 252
17 252
11 252
13 201
17 233
13 285
17 241
13 193
12 277
13 196
18 248
14 272
9 176
15 291
17 239
12 200
13 211
13 200
12 190
13 194
14 214
11 261
9 162
17 239
14 659
18 406
19 290
17 255
15 220
19 1334
10 196
9 174
7 235
19 266
8 283
11 341
15 227
14 222
17 243
11 190
9 175
13 209
9 180
13 206
20 290
17 243
10 199
19 271
17 228
14 214
11 190
15 235
20 287
10 278
17 225
9 181
14 270
13 194
15 210
12 209
12 197
10 251
12 275
16 310
12 292
10 179
16 300
10 178
15 216
11 375
11 176
11 182
12 185
11 189
9 170
11 191
8 170
9 255
10 175
13 204
16 229
8 196
16 250
12 194
15 219
15 218
16 245
11 203
18 268
11 205
11 200
15 211
16 235
13 214
19 274
20 751
10 192
13 205
17 230
16 225
20 295
17 244
15 234
13 289
8 170
7 152
14 202
10 179
12 260
13 420
11 209
19 334
8 178
16 470
18 384
11 265
17 318
21 292
16 239
18 248
15 224
16 226
15 228
9 197
10 188
11 198
17 245
12 198
12 194
15 200
16 256
14 214
14 207
11 185
15 195
16 245
12 195
14 219
16 297
11 198
13 268
17 263
9 183
10 187
12 203
11 310
13 197
13 208
10 224
12 286
15 305
18 375
14 221
12 194
13 292
17 233
13 280
9 1113
16 239
13 297
17 315
10 645
8 167
15 202
13 214
17 317
12 195
16 306
18 330
11 288
17 238
21 309
13 212
15 215
16 226
15 232
15 244
12 203
18 246
12 195
13 255
13 186
17 227
17 336
21 304
12 799
19 264
12 413
16 320
17 319
14 231
14 217
14 227
14 203
14 204
12 181
19 347
9 186
12 269
13 206
13 221
13 183
12 201
13 223
8 245
12 193
13 275
16 231
12 203
13 201
15 210
14 207
14 199
12 184
17 257
17 250
19 268
14 555
15 247
18 264
12 211
14 202
12 263
13 195
10 168
11 264
14 203
15 225
14 272
19 276
8 250
12 188
10 175
18 325
11 199
15 225
13 287
14 216
15 221
9 244
16 286
16 231
22 309
21 318
17 262
11 185
16 226
17 257
18 239
17 248
15 222
11 195
18 264
16 249
13 197
14 208
11 175
13 530
16 242
18 269
16 241
18 267
12 193
18 271
13 499
7 179
19 366
12 210
7 150
15 286
17 332
17 255
21 379
13 219
16 355
17 262
18 269
10 260
18 260
15 233
13 404
9 158
11 281
14 208
16 230
14 1138
21 314
17 325
13 289
14 203
12 268
15 201
18 256
18 270
15 227
17 243
9 185
18 245
14 195
17 251
14 223
15 203
13 201
13 200
20 381
10 242
14 216
18 270
12 190
12 282
12 180
9 161
12 188
15 196
18 262
10 181
17 243
13 198
13 193
10 179
18 321
12 186
15 230
20 300
13 197
15 375
19 280
20 456
18 351
17 235
14 283
12 202
16 227
12 198
10 183
14 209
10 175
19 269
14 236
8 166
14 346
16 242
14 229
15 217
9 196
14 209
14 200
15 233
19 271
16 494
18 257
13 205
19 262
19 268
10 203
14 205
22 293
12 200
16 241
16 311
11 189
14 212
16 224
20 308
13 213
18 331
11 285
8 174
17 331
11 193
13 281
9 175
17 231
17 242
12 197
23 313
17 325
14 212
12 181
19 270
22 335
12 200
19 272
12 207
13 186
14 204
21 386
9 170
17 469
14 300
12 201
18 241
9 184
13 208
19 276
14 222
11 309
12 335
14 208
13 261
10 186
15 216
9 190
16 219
10 189
15 218
12 201
15 289
14 212
13 204
11 240
14 192
18 262
12 994
13 217
9 258
18 463
17 253
11 546
15 232
15 286
13 294
16 249
11 289
18 260
19 272
12 185
18 251
10 188
17 239
11 189
18 260
10 178
18 273
16 239
10 177
10 185
19 262
14 226
12 278
15 213
10 189
17 241
19 267
20 292
22 419
13 230
12 281
19 265
18 276
13 288
19 278
18 283
17 316
13 221
12 183
13 209
16 243
17 314
10 192
16 230
18 258
14 210
20 299
16 247
19 284
13 526
11 409
11 193
17 310
17 360
12 199
13 198
11 186
18 317
15 224
24 446
9 184
12 262
10 303
14 478
10 300
13 486
13 202
18 345
12 523
15 219
25 532
19 301
17 250
11 445
13 206
17 342
12 181
10 185
11 270
16 231
14 210
11 255
14 202
11 272
17 327
19 256
13 214
20 280
18 278
12 196
15 332
17 328
15 234
12 224
18 249
16 230
13 227
16 242
12 233
11 253
14 207
15 223
16 253
14 220
9 184
18 257
16 250
13 227
13 181
20 287
15 294
12 190
13 286
10 223
19 277
11 264
14 221
15 217
15 225
6 151
15 300
13 217
10 347
12 216
11 1077
14 217
19 280
14 226
15 303
20 371
12 267
13 196
14 210
15 325
9 198
14 201
15 223
21 321
19 550
12 347
21 532
19 478
12 347
14 424
11 266
20 458
8 387
18 526
18 340
21 597
14 234
20 274
16 260
9 192
10 262
13 205
17 351
15 321
19 277
12 295
20 296
16 262
9 263
10 175
19 296
12 279
23 321
11 182
15 228
21 302
10 195
14 217
13 290
13 197
15 230
21 395
14 230
12 200
14 290
13 205
17 356
12 197
18 255
14 215
9 163
10 180
21 378
13 198
17 328
19 284
11 196
13 482
11 208
13 205
16 326
20 301
13 300
15 211
12 191
13 274
11 184
9 164
15 293
17 263
16 339
11 191
17 310
15 314
13 216
11 188
16 355
16 254
10 263
10 171
11 185
16 318
13 207
15 224
18 358
12 269
14 286
15 225
16 250
12 264
16 234
14 206
10 341
17 278
14 311
12 197
11 254
17 412
15 234
16 316
13 275
19 271
18 346
10 180
17 228
12 290
13 263
13 287
11 181
15 216
16 319
13 265
12 201
11 256
16 232
12 279
14 208
14 211
18 1325
13 215
14 197
5 222
15 226
14 221
14 210
12 197
14 211
13 203
17 233
14 240
10 198
21 589
14 228
12 179
16 301
11 203
18 260
13 211
15 234
16 244
10 198
11 189
19 288
12 225
15 226
15 293
18 274
19 371
17 334
14 190
10 261
12 192
19 274
19 278
10 187
16 252
15 241
13 228
11 177
18 248
15 229
10 194
17 248
13 209
6 147
22 325
10 201
17 249
14 224
19 277
8 313
19 278
18 266
13 206
13 282
9 170
13 274
14 203
14 219
16 226
15 240
15 232
14 199
18 286
14 224
8 236
20 305
18 354
9 181
18 253
15 298
18 327
12 281
18 247
15 263
19 342
17 250
15 216
17 351
12 196
13 270
13 369
20 314
14 223
20 294
19 295
18 263
18 255
12 204
13 189
15 202
15 313
10 180
12 196
18 248
16 260
12 268
15 226
13 212
12 332
17 251
19 279
15 231
16 238
17 364
13 250
11 188
14 203
17 256
10 179
9 235
18 239
17 342
19 359
6 163
9 292
19 248
13 263
17 252
16 244
13 213
14 218
22 314
18 549
7 173
19 386
18 1071
14 232
13 273
7 165
17 330
19 271
15 242
14 206
22 323
15 249
8 264
13 198
10 178
11 251
15 219
17 313
13 217
18 313
14 212
19 339
17 369
15 240
6 159
14 202
16 228
17 418
19 388
17 256
15 305
12 284
14 266
18 464
16 233
15 301
19 272
16 222
20 373
12 191
11 198
13 276
9 187
16 285
16 216
16 239
17 255
19 290
10 190
26 382
16 245
19 288
14 233
11 184
12 197
9 188
15 210
16 336
14 233
20 379
17 257
18 274
19 266
20 291
13 201
14 287
11 194
16 231
11 201
16 244
22 355
14 228
17 419
15 268
19 310
11 289
18 269
9 186
19 750
12 213
10 311
13 200
17 264
7 162
13 201
20 286
10 193
14 229
15 233
15 246
16 242
13 197
15 227
8 180
12 214
13 348
15 231
19 267
12 192
17 321
18 269
11 207
20 336
15 240
13 209
11 186
19 267
15 307
15 219
14 232
18 347
17 250
14 293
14 201
16 250
18 363
13 195
18 250
18 364
9 192
12 277
15 222
13 210
14 201
16 244
13 204
17 247
11 209
12 190
19 274
19 1336
14 240
11 267
16 240
14 312
16 253
14 222
11 168
13 201
14 217
13 197
9 256
12 264
17 310
20 387
13 231
15 211
14 215
17 436
11 245
10 194
22 346
11 208
16 241
11 189
10 256
20 287
8 263
20 291
15 214
14 302
13 202
16 237
11 274
12 197
17 503
19 280
22 317
14 283
10 176
12 189
17 332
16 250
15 296
14 231
22 323
12 210
10 188
11 201
20 276
15 218
12 281
12 271
14 198
14 204
16 310
12 197
20 293
19 290
14 220
18 323
11 205
16 236
17 336
11 193
16 303
14 199
14 206
17 332
19 291
21 309
15 283
16 252
12 277
16 244
13 197
14 205
10 179
20 346
17 272
15 230
25 363
17 236
13 213
13 210
19 261
18 400
15 208
12 199
21 374
16 226
13 358
18 361
10 199
12 188
11 186
20 277
8 249
11 182
14 222
12 316
15 228
16 325
14 350
17 244
16 341
15 231
16 248
17 691
15 215
21 375
16 298
26 375
10 190
18 267
14 237
15 242
20 275
15 247
17 271
14 228
16 230
13 231
16 211
18 270
17 257
14 275
12 281
9 1125
18 296
12 302
18 353
15 241
14 208
16 315
20 301
9 189
15 218
8 177
15 195
17 252
17 259
16 240
10 174
14 204
17 323
14 192
13 361
13 203
19 282
14 666
18 280
17 249
18 346
11 192
16 312
12 197
21 313
13 215
15 232
17 252
17 263
15 219
11 187
13 403
16 256
16 240
19 299
20 286
16 467
13 223
13 292
15 406
16 253
12 216
11 188
18 323
14 283
15 218
16 262
21 346
18 294
18 362
20 300
14 201
19 284
12 212
17 347
17 258
13 201
13 285
11 179
10 171
7 229
19 273
20 359
12 307
13 312
14 209
15 229
15 343
15 221
17 253
13 350
12 181
12 265
16 225
20 291
14 212
16 237
17 252
22 400
9 186
15 338
15 221
17 244
14 664
10 282
21 304
13 316
15 214
13 339
17 241
17 245
20 391
12 281
13 209
17 300
16 240
10 298
10 183
18 262
14 293
9 177
17 271
15 308
15 226
14 395
13 368
10 198
15 318
17 262
20 313
13 303
14 239
13 316
13 201
20 321
13 230
21 302
18 276
22 339
12 208
14 218
14 225
20 290
19 1505
19 309
14 312
15 281
14 216
14 291
14 215
16 217
15 231
20 323
13 207
16 236
17 246
24 350
15 251
20 325
15 294
15 223
14 308
12 187
19 244
20 656
18 258
15 245
15 312
14 236
19 428
11 233
11 326
18 343
14 291
27 464
19 380
13 207
18 354
16 319
16 240
15 246
17 264
11 280
13 196
12 197
11 271
20 287
19 291
16 300
12 203
14 507
16 257
13 198
16 511
13 211
16 241
22 414
22 337
19 366
20 295
20 302
12 213
14 225
15 453
20 367
14 457
14 299
15 238
18 298
14 272
17 271
12 210
13 215
16 301
15 317
11 278
17 244
20 369
15 226
12 209
15 282
10 184
13 317
19 273
14 220
18 256
14 219
11 182
7 178
19 300
15 342
14 234
15 206
20 363
18 260
14 232
13 271
18 256
19 378
13 213
15 226
11 189
13 216
18 347
11 216
10 179
8 225
12 201
15 242
17 330
12 206
16 541
13 210
11 192
12 285
19 284
17 254
14 292
16 426
15 308
16 265
13 217
7 162
18 262
16 248
11 187
14 211
17 465
21 333
12 204
20 280
18 1214
14 261
12 280
10 257
23 421
11 195
22 326
13 199
18 260
23 319
19 291
21 316
16 243
21 297
13 209
15 316
15 225
11 173
14 256
16 241
13 268
18 267
15 240
9 178
15 224
13 202
15 234
11 192
14 206
15 230
18 269
10 198
18 254
10 184
8 157
14 226
14 202
10 172
12 205
18 245
13 208
21 315
12 201
19 276
10 262
22 323
19 289
14 418
16 236
12 207
17 264
14 208
20 383
16 258
13 216
13 507
12 207
21 366
14 238
12 181
15 289
10 185
12 181
13 202
17 256
19 287
21 328
20 422
13 290
14 222
14 211
21 302
14 225
17 253
13 211
12 196
10 180
17 259
16 269
15 235
12 230
18 253
16 257
17 262
11 206
14 204
17 262
19 290
12 198
23 410
15 231
16 253
12 199
12 211
18 251
14 279
11 188
12 278
19 263
19 284
19 349
17 259
17 345
12 381
13 210
20 381
15 239
15 298
12 254
14 279
18 333
18 346
13 278
23 399
15 218
13 451
16 237
16 243
13 257
10 174
14 282
10 184
16 401
16 247
18 294
12 211
13 204
20 297
9 1102
19 288
18 392
22 404
14 212
19 281
15 223
16 233
14 290
19 265
17 423
14 210
21 321
13 287
15 248
15 234
12 285
20 285
11 201
11 212
10 182
19 284
20 322
16 255
11 197
14 223
18 276
15 223
17 259
15 238
13 207
21 301
12 215
13 188
19 289
12 202
12 216
20 365
13 226
19 281
11 205
10 174
13 206
15 296
14 195
15 292
14 207
11 173
14 202
15 227
10 178
22 384
13 218
20 287
17 248
17 268
13 214
21 299
16 235
20 302
15 232
18 547
13 217
10 182
13 271
16 253
20 282
16 321
12 197
20 545
23 335
12 272
12 307
14 233
16 314
16 253
14 230
16 228
23 402
23 328
13 281
18 410
21 371
10 199
18 256
21 385
11 193
14 226
12 324
11 190
16 292
12 207
11 195
16 300
16 239
21 287
18 340
19 295
13 320
16 237
14 211
16 332
16 235
17 270
19 369
11 190
16 292
12 202
15 221
14 215
9 182
19 266
21 305
13 218
17 260
10 178
15 219
17 270
17 274
12 211
12 186
18 262
15 479
16 237
18 256
18 289
9 188
18 437
13 2131
18 385
13 308
17 263
14 233
17 302
14 221
17 246
21 316
17 262
11 209
16 226
19 264
13 290
13 237
13 379
15 285
18 347
12 281
15 231
19 355
23 356
20 372
21 310
22 488
14 227
12 207
15 228
11 200
15 228
17 272
15 225
13 233
15 307
16 347
13 194
14 204
15 221
13 202
13 194
11 178
14 283
18 270
22 397
15 219
13 228
15 216
15 224
15 222
17 342
18 283
12 216
8 179
17 279
14 428
15 225
14 216
11 263
9 171
10 258
13 201
17 256
14 310
15 234
14 224
16 239
21 471
15 263
17 282
15 256
14 310
13 205
18 273
13 307
9 186
13 281
20 302
18 301
14 214
15 202
7 252
15 226
19 300
13 287
19 279
15 235
17 313
16 263
10 195
18 242
15 228
21 397
15 242
15 225
17 350
18 289
22 401
20 503
18 285
12 297
18 275
18 303
15 334
18 249
20 372
15 238
18 274
11 184
16 237
16 237
16 254
11 207
17 265
12 229
14 203
17 259
11 193
18 276
12 210
16 234
21 317
16 248
23 354
15 317
13 232
13 191
16 305
17 292
18 1120
21 342
16 323
15 457
18 287
14 229
15 231
13 220
14 289
16 259
23 338
17 656
14 227
18 353
20 375
11 199
15 311
19 402
9 192
15 229
15 219
15 229
22 323
14 214
10 186
17 314
15 234
11 232
14 261
15 251
17 321
13 236
18 242
14 212
19 290
11 216
18 262
17 302
19 437
20 343
12 326
19 270
13 205
15 303
17 268
20 304
15 247
12 204
18 343
16 233
18 269
15 297
13 214
13 292
17 244
20 300
11 277
22 328
14 201
16 329
20 291
18 347
16 246
13 198
21 400
19 283
18 272
18 442
10 178
12 208
8 258
15 305
14 354
14 215
13 207
19 265
17 264
20 292
13 214
15 237
19 293
14 202
19 367
17 257
23 342
13 295
16 231
9 188
14 206
22 334
18 359
17 256
14 226
16 248
18 261
17 279
20 350
18 261
16 319
18 278
15 230
16 314
16 220
9 175
14 287
23 332
16 460
14 223
10 189
16 312
16 249
8 236
19 363
16 332
20 428
13 225
7 148
17 355
16 243
26 351
16 326
14 282
11 292
20 301
27 372
19 346
16 248
12 203
15 1224
16 310
21 415
17 431
16 246
18 363
14 222
15 216
10 186
17 245
19 378
15 215
21 319
21 380
9 186
19 296
22 435
17 299
17 323
17 253
11 198
21 373
16 237
18 351
20 294
17 277
28 409
12 183
17 261
14 216
17 249
17 236
18 254
16 235
12 203
8 153
11 194
12 200
16 236
16 292
18 238
15 214
10 247
10 197
15 235
16 221
12 212
19 567
20 311
13 197
18 263
13 195
18 258
8 173
17 256
19 397
18 274
17 338
12 261
19 266
17 330
14 198
16 244
17 319
16 250
12 274
12 191
13 291
21 547
15 247
12 198
15 220
16 244
19 351
13 212
14 216
22 317
19 264
24 344
10 172
22 380
16 305
21 283
16 262
20 378
15 230
15 303
12 191
20 284
22 401
22 339
16 243
9 280
15 220
24 405
18 268
15 252
16 239
14 201
12 209
20 300
12 201
11 187
14 226
16 227
18 285
18 264
19 282
11 182
11 177
17 232
12 184
15 232
20 387
19 426
17 367
21 317
14 217
17 244
19 341
21 305
12 291
21 301
12 204
15 213
17 267
19 393
16 252
10 924
16 315
19 469
22 400
22 333
16 300
13 269
12 206
7 208
14 276
18 270
12 265
22 328
14 219
20 342
9 193
15 233
18 350
16 255
13 299
22 320
15 215
18 242
17 251
18 276
8 168
19 271
12 271
13 195
17 262
19 354
11 196
18 259
17 255
20 318
16 313
13 196
13 207
10 197
11 180
14 219
12 273
17 260
18 358
12 182
16 231
13 274
16 243
20 305
15 236
19 292
13 290
18 325
11 188
13 210
16 241
17 427
18 271
18 255
15 236
14 195
17 263
20 321
16 244
16 238
17 241
18 274
14 221
17 420
17 266
16 319
15 217
18 352
9 187
22 331
15 246
17 255
13 207
14 286
14 288
15 319
9 188
14 227
10 261
16 233
18 275
15 287
17 255
14 225
17 258
11 179
17 249
17 258
16 257
15 244
20 311
14 199
22 404
13 205
19 290
19 277
19 278
13 209
17 251
16 216
17 247
17 245
20 742
18 349
16 238
13 208
12 206
17 335
20 299
20 293
17 324
13 205
16 329
13 200
16 305
18 333
12 276
17 232
9 248
15 230
16 489
20 294
17 248
17 1506
13 224
15 240
14 286
17 339
17 499
15 244
21 324
16 313
12 204
12 208
12 188
16 265
21 390
14 216
12 196
14 222
18 273
12 207
19 429
13 207
16 308
17 261
18 279
21 295
19 285
15 300
10 196
22 318
18 359
11 182
20 288
20 288
22 307
11 259
14 190
22 321
14 213
15 221
17 256
16 315
13 203
23 336
15 222
15 243
17 334
12 190
17 243
19 364
17 261
17 333
21 319
18 245
18 259
23 331
18 254
19 262
18 245
15 218
15 218
14 232
17 243
20 310
17 436
22 351
17 262
16 445
21 325
11 187
18 351
15 235
15 227
23 329
21 308
20 312
18 263
14 205
13 221
23 334
19 278
17 228
18 274
24 395
16 227
19 298
18 362
9 189
15 237
15 226
14 224
12 204
17 245
12 205
17 258
13 216
21 309
19 284
22 313
18 267
19 279
18 265
9 180
17 250
14 203
21 321
20 402
12 220
14 218
15 234
20 382
16 249
22 404
14 205
18 252
14 280
17 254
15 207
14 224
20 284
16 349
16 241
7 166
22 395
15 300
16 324
17 260
10 178
16 347
19 1425
10 269
19 368
12 265
14 308
14 241
16 247
16 307
20 291
14 271
14 211
15 213
18 342
20 294
18 272
13 294
14 222
13 286
15 234
17 249
12 185
13 203
14 236
14 207
21 304
13 273
14 202
13 204
16 317
17 251
11 203
13 222
23 347
12 295
15 212
20 284
11 174
18 251
10 182
21 352
19 276
20 385
21 305
20 307
18 519
17 283
11 171
14 214
12 202
15 234
12 207
9 255
13 224
19 281
15 237
16 230
17 257
11 188
15 238
16 255
22 548
25 377
17 338
12 213
15 224
11 175
19 433
12 204
16 255
18 267
11 261
11 357
20 305
15 322
16 248
14 223
22 396
14 214
17 333
17 324
13 218
19 365
20 298
20 356
14 205
14 219
16 324
16 230
16 247
13 293
21 307
12 335
17 247
19 290
13 218
17 230
23 349
23 348
20 287
15 224
21 303
15 229
19 252
14 222
13 207
15 226
12 208
10 189
24 355
14 218
16 504
17 5900
11 211
14 289
10 270
22 308
20 305
18 294
21 378
21 391
13 200
13 278
19 279
16 319
20 266
14 184
13 289
12 205
16 1082
15 559
18 265
19 344
13 253
18 253
15 505
17 249
16 251
15 211
14 195
15 204
15 233
11 185
15 224
18 268
13 207
22 315
24 347
12 199
15 235
11 203
17 242
21 315
11 254
16 229
18 270
12 262
14 197
17 245
22 420
19 273
14 318
17 254
12 203
11 286
22 306
14 216
24 342
23 322
14 292
13 189
12 173
12 262
10 187
18 255
18 349
22 307
16 294
18 277
15 229
18 330
20 270
20 289
15 295
20 300
8 263
16 238
10 175
21 319
15 214
19 285
16 223
13 212
11 187
21 468
15 221
14 292
7 155
18 259
17 321
16 247
14 210
9 173
9 171
16 303
17 238
14 279
14 220
18 276
11 285
21 299
17 258
23 408
21 285
10 273
13 197
13 199
10 247
20 281
11 191
12 259
18 267
17 330
21 299
14 211
17 247
17 243
12 195
16 336
17 225
17 251
14 204
12 368
19 350
17 240
18 280
18 289
14 192
16 330
14 198
17 249
14 285
22 321
15 217
14 281
21 290
14 280
17 236
12 200
13 255
15 219
16 290
21 387
20 295
17 241
19 269
16 233
23 1218
23 494
18 316
20 370
20 364
17 329
19 327
9 250
12 180
11 182
11 193
18 271
19 277
23 431
9 169
24 400
18 268
19 280
20 288
12 190
14 226
18 328
15 280
20 349
11 192
16 249
20 294
14 206
15 198
18 282
18 360
15 230
14 200
21 309
19 640
14 207
19 272
14 274
12 184
15 298
14 214
17 254
19 371
10 162
28 397
11 207
19 263
21 394
17 251
13 214
9 245
13 217
18 348
16 245
15 215
19 276
17 247
14 219
8 165
13 205
14 214
15 232
14 212
16 222
23 322
20 508
14 282
16 226
22 427
13 374
10 189
23 329
21 306
10 163
17 325
20 292
13 290
20 279
15 208
19 501
17 256
20 282
16 218
17 233
15 310
12 209
18 231
18 277
16 230
21 311
15 219
16 244
21 381
14 202
14 209
19 297
15 210
16 243
17 254
15 219
17 251
11 195
15 418
19 280
16 246
17 250
22 325
14 228
21 361
18 261
14 192
16 246
18 260
16 229
17 251
19 276
17 344
13 198
24 357
20 366
17 346
15 314
16 240
16 238
19 379
17 417
14 217
12 283
22 1232
19 300
11 306
18 270
14 200
18 347
10 188
14 208
11 207
17 334
9 188
16 252
16 241
17 262
21 310
15 228
19 281
16 321
20 296
12 200
17 252
20 290
15 217
18 343
10 184
13 204
17 243
14 190
14 211
13 208
11 211
20 281
18 274
17 279
13 201
18 265
16 236
18 275
16 250
15 239
15 204
18 278
19 272
12 209
21 308
14 201
13 204
17 249
16 224
20 294
20 293
15 197
18 251
17 240
23 322
12 205
17 252
15 228
14 240
22 341
11 181
15 229
18 437
10 191
16 216
17 313
19 287
13 202
17 238
16 240
11 192
22 324
17 241
13 281
18 249
23 337
19 257
19 292
19 362
11 196
16 238
19 262
12 194
16 243
18 271
20 380
19 252
16 316
10 180
20 342
18 335
19 340
16 225
17 273
14 206
17 261
12 263
21 284
20 304
16 316
19 284
17 252
14 212
23 323
17 241
15 290
12 208
21 493
13 215
11 180
20 286
14 204
18 262
18 285
16 244
11 262
10 175
14 209
19 281
13 201
19 284
15 210
12 190
14 282
19 573
19 287
11 259
13 217
15 1265
14 218
19 283
9 186
12 191
23 314
21 287
18 281
23 341
8 152
11 183
16 228
16 224
14 192
13 213
17 246
16 217
10 191
13 196
17 218
24 326
15 230
12 267
20 270
16 257
15 215
19 270
12 201
17 258
13 208
23 326
16 240
13 202
14 214
15 297
24 319
18 270
14 208
11 282
17 254
18 346
19 278
15 215
19 347
17 258
9 191
21 300
12 208
9 242
16 225
17 250
13 192
19 287
21 294
14 213
10 184
12 195
19 365
13 186
15 218
16 227
17 245
20 460
16 245
24 444
19 285
9 257
13 220
13 210
18 705
22 347
29 416
18 340
11 193
24 415
13 199
20 300
14 285
12 189
24 325
12 267
12 202
21 358
19 278
13 211
18 335
13 204
11 177
16 327
17 252
15 619
16 245
21 311
19 281
22 321
16 219
15 220
17 245
7 158
24 322
14 203
19 279
30 406
12 192
14 207
15 251
15 297
12 196
10 261
12 283
15 210
11 193
11 195
12 201
14 207
14 295
18 256
12 265
17 238
8 233
20 287
14 212
10 172
24 340
18 272
18 446
17 257
15 238
13 1028
16 247
15 270
22 403
16 249
13 495
22 313
16 315
16 228
10 183
20 360
18 276
14 217
14 211
18 252
16 331
15 223
15 217
20 280
16 237
18 247
15 345
17 242
15 281
15 216
12 198
22 324
16 242
20 285
25 358
14 212
13 277
17 233
13 212
18 352
18 5291
16 364
24 434
14 305
15 315
12 284
17 406
20 443
10 286
20 622
11 213
16 245
16 300
16 247
14 223
18 342
15 230
14 277
12 187
21 306
15 216
10 197
14 215
23 320
11 179
18 327
13 460
20 304
16 314
9 189
10 198
15 308
18 264
20 378
22 303
18 272
14 280
19 270
18 258
17 317
13 227
11 533
16 226
16 390
14 276
14 342
15 224
6 208
20 362
15 236
14 199
13 217
15 211
11 203
11 252
13 199
20 379
21 292
16 233
18 275
19 282
14 213
13 192
16 251
19 542
17 246
23 319
14 215
18 238
15 228
19 349
10 223
23 406
21 306
13 196
20 380
20 296
16 225
21 287
18 264
26 350
19 283
13 211
8 237
16 262
16 641
13 189
20 275
17 331
25 556
20 292
19 340
22 314
19 1269
14 209
16 328
15 320
11 198
15 249
10 244
17 253
8 249
20 294
19 353
19 282
16 233
14 197
12 275
16 228
17 320
22 327
12 206
16 322
20 285
21 285
11 198
21 285
17 329
20 285
19 255
18 326
17 224
19 256
19 361
22 341
13 265
10 182
15 213
14 278
22 324
14 223
14 287
19 263
18 348
14 218
16 217
15 208
21 317
11 177
24 323
18 260
24 350
19 305
19 245
12 201
17 265
18 267
19 280
16 314
19 519
9 197
11 199
17 268
27 370
16 314
16 225
15 225
20 364
15 236
14 218
11 284
11 195
17 327
18 274
22 329
21 354
15 241
14 205
17 307
16 252
18 312
13 251
12 195
10 273
13 204
12 174
17 330
11 189
17 295
22 314
19 272
19 260
15 248
20 294
14 198
15 220
17 246
17 261
21 312
22 294
11 196
27 373
21 730
21 284
17 324
17 248
20 296
16 319
15 204
21 288
21 283
17 241
14 215
8 169
22 315
12 206
15 234
18 264
13 204
16 239
18 332
18 442
18 282
16 691
14 306
20 352
12 272
12 258
21 377
18 255
18 249
11 1089
15 239
19 375
20 290
22 315
16 364
15 237
19 279
24 430
25 352
18 331
15 192
13 200
18 361
21 322
11 203
11 257
16 249
18 350
13 191
20 290
14 283
15 214
16 246
19 287
21 313
12 276
21 303
16 235
12 191
15 305
15 305
13 199
15 209
15 296
22 329
14 220
15 288
28 391
20 361
14 220
11 182
13 194
18 317
16 302
23 415
14 211
18 267
20 283
15 207
16 253
18 480
16 300
12 642
13 216
20 364
21 287
16 240
13 196
19 281
13 190
15 233
17 334
17 329
20 374
16 236
10 275
20 290
15 220
18 344
25 355
15 310
15 208
16 248
21 388
20 294
13 210
11 248
25 399
11 263
20 277
18 261
20 366
20 292
15 229
14 278
12 197
14 285
14 202
14 200
14 281
14 211
13 204
16 223
14 222
20 405
17 252
22 303
23 417
13 196
18 362
14 196
13 213
14 193
16 347
20 399
14 282
16 243
18 353
16 239
23 336
17 677
18 270
18 513
16 319
16 248
16 293
19 258
23 331
15 319
15 240
17 273
12 276
14 219
13 288
17 256
14 201
17 256
16 1069
12 286
17 264
18 289
21 394
15 231
15 230
14 182
15 208
26 376
19 265
17 253
15 313
16 287
13 291
24 348
20 295
12 271
9 148
14 228
13 256
18 264
17 326
13 220
17 252
21 280
11 176
15 235
12 246
12 193
13 260
13 475
16 241
14 283
20 314
20 302
12 275
20 263
16 287
14 210
15 238
16 293
15 223
9 184
23 401
17 239
12 185
22 377
15 322
14 294
20 473
13 208
23 325
17 304
22 311
17 244
14 202
12 279
19 282
23 318
12 522
16 243
19 271
13 206
16 235
17 259
27 376
13 254
18 266
15 215
19 280
23 336
18 268
17 255
18 268
16 239
18 333
19 273
11 193
20 309
18 337
19 271
10 211
15 298
12 205
21 305
20 353
19 267
20 349
18 269
12 198
22 319
16 240
14 206
16 235
16 247
15 517
18 277
22 306
22 306
12 196
22 299
17 288
20 291
17 339
19 267
18 256
15 235
17 246
18 486
16 246
13 203
15 222
17 243
16 241
21 322
23 320
15 205
14 207
9 189
18 261
20 283
21 280
16 335
14 207
16 292
15 221
16 242
27 1300
17 254
16 307
11 278
17 255
20 369
17 324
20 274
13 280
13 221
17 245
21 303
10 194
25 448
13 207
13 216
19 370
21 312
13 201
15 280
12 189
20 394
14 220
18 334
18 349
16 331
18 272
20 351
15 224
14 288
26 372
14 199
21 304
16 231
17 238
13 198
12 208
18 346
17 248
13 212
17 248
18 276
15 404
13 215
22 335
12 268
18 283
18 264
18 278
12 206
17 268
11 191
29 438
21 305
16 229
11 172
15 302
21 288
12 261
12 199
12 199
18 333
17 266
15 233
21 385
20 299
19 357
13 194
10 188
17 317
17 266
20 286
14 280
15 228
14 310
14 219
19 274
18 273
16 252
16 224
20 269
17 266
18 397
16 274
20 307
16 306
19 343
19 263
12 286
18 275
19 259
18 267
15 232
15 283
17 261
15 223
19 295
9 249
21 394
20 293
19 266
14 275
16 225
17 502
18 508
21 315
15 306
22 297
14 200
19 349
14 202
18 265
15 222
11 200
17 329
17 235
21 382
18 260
18 257
16 228
19 285
24 353
19 268
20 293
11 187
21 311
24 337
15 290
11 2038
20 307
21 367
18 269
19 524
14 204
15 237
21 301
16 248
19 263
16 248
13 206
15 242
13 258
17 261
18 345
17 235
22 323
14 305
19 265
14 277
13 194
23 331
18 351
20 291
15 215
16 477
14 209
25 436
15 213
15 215
17 319
16 245
14 277
13 201
17 464
13 193
13 217
15 201
13 294
17 250
11 207
22 328
17 259
23 401
13 198
14 209
21 735
17 620
17 323
17 256
19 292
15 223
17 264
16 231
19 335
22 318
16 409
12 186
14 192
15 320
24 341
15 227
17 306
15 211
13 286
20 289
18 267
18 334
15 385
13 211
17 242
13 196
14 226
14 214
12 213
27 374
19 287
15 230
15 229
15 226
24 425
15 222
17 269
19 354
22 316
18 258
17 241
17 258
18 252
12 191
13 390
23 329
20 283
21 414
15 232
19 434
22 392
12 200
17 336
12 256
20 350
11 277
17 258
18 282
15 312
13 205
19 283
12 184
19 293
24 418
11 199
15 229
16 304
20 277
14 219
22 391
15 218
20 371
20 296
16 235
19 253
19 275
21 308
18 268
12 189
15 306
15 217
12 999
20 364
18 715
14 204
16 236
14 270
18 261
16 248
20 276
24 333
9 173
14 273
15 237
14 221
23 388
21 301
20 271
14 204
20 286
23 336
14 222
13 209
21 377
15 216
13 196
13 344
22 312
14 204
20 292
13 375
14 206
14 220
19 280
18 246
21 302
12 281
18 266
18 291
16 233
24 333
16 224
22 371
19 296
15 305
15 212
10 192
13 213
17 256
16 234
14 293
24 338
15 246
19 267
15 228
17 333
12 190
15 225
20 379
18 270
13 260
20 280
19 274
15 282
16 237
15 239
21 295
14 220
25 441
18 258
23 331
13 274
19 262
16 212
20 357
11 198
20 280
18 260
14 235
16 233
23 314
13 217
15 232
15 228
18 322
17 257
14 222
14 316
14 207
23 340
15 211
13 360
19 282
19 280
19 361
21 303
14 222
18 325
22 339
13 204
10 252
12 202
11 195
15 250
19 281
18 255
20 289
18 268
15 304
15 225
18 342
15 228
18 257
19 333
23 318
13 206
16 229
22 337
16 258
20 397
11 181
14 221
15 247
17 263
17 259
21 294
26 370
12 269
17 224
19 1150
12 224
23 406
23 394
16 677
16 336
13 220
12 206
13 227
11 182
19 273
13 278
16 245
14 301
20 278
17 269
14 280
20 286
25 357
17 328
17 244
15 298
21 315
17 415
21 380
15 242
16 237
12 266
14 227
20 354
19 290
14 198
14 208
15 222
15 208
17 249
17 243
13 195
10 199
24 355
21 399
14 219
11 199
18 345
16 251
17 270
17 273
12 194
17 666
19 298
23 338
17 220
13 208
16 312
9 180
19 290
17 324
22 314
14 212
13 265
15 236
21 369
13 275
13 252
19 272
12 205
13 289
16 240
16 243
15 304
14 194
17 331
19 284
10 184
14 220
17 261
20 289
21 366
12 218
13 276
10 198
12 199
18 363
22 303
14 204
21 377
14 198
26 624
18 269
9 185
15 277
19 295
22 324
15 659
15 302
24 424
12 177
15 302
16 308
13 203
23 326
15 292
15 231
19 364
13 274
14 306
22 391
14 217
22 323
16 328
13 258
15 305
18 253
14 457
18 238
19 285
8 174
21 318
15 230
15 282
13 287
18 277
16 327
25 346
19 336
11 186
18 347
19 333
12 990
16 262
14 353
17 253
17 315
15 247
13 223
14 287
13 210
18 266
19 335
13 192
12 301
11 177
18 258
15 287
18 277
14 212
19 370
18 278
13 283
23 343
21 480
15 263
13 194
22 519
17 342
13 215
17 316
16 227
18 264
16 241
15 216
16 238
18 334
19 279
17 252
17 247
13 205
16 325
16 260
21 300
19 373
16 238
15 219
14 222
18 279
20 739
12 216
21 292
17 228
17 259
14 282
19 277
20 273
14 286
14 204
17 252
16 237
28 387
18 332
17 233
12 276
17 323
20 294
20 367
18 268
20 280
22 371
15 226
13 206
18 351
17 241
9 265
14 195
21 296
15 227
14 216
13 201
15 222
14 218
17 314
20 288
12 346
17 345
22 329
18 260
18 256
17 250
18 335
19 276
13 211
14 287
16 236
21 368
23 330
20 314
15 287
17 244
16 230
24 394
12 200
15 298
16 244
20 283
16 319
15 226
21 304
15 281
21 305
18 342
15 213
18 267
21 290
16 233
25 349
24 372
21 308
16 319
19 270
19 268
16 312
18 249
8 176
19 336
18 339
17 299
13 201
13 1010
24 428
15 213
23 361
16 320
12 210
25 427
18 260
20 280
16 312
14 218
16 240
19 336
19 523
19 371
16 236
17 263
18 336
13 207
16 243
16 308
21 311
17 318
21 314
19 331
15 289
19 298
16 250
12 202
18 268
21 375
13 193
18 284
12 192
15 219
12 199
13 211
12 212
13 258
15 204
11 190
18 336
15 293
15 244
17 335
16 310
22 763
19 279
19 270
17 334
15 216
17 326
17 248
20 291
16 331
11 187
13 182
15 305
15 207
18 310
15 238
21 321
20 379
12 207
18 250
14 313
14 196
17 315
23 316
19 282
11 190
15 219
19 287
18 271
14 213
24 609
15 230
20 278
23 401
18 259
14 225
16 323
15 235
10 253
22 324
14 213
15 282
12 196
16 234
19 275
15 231
19 268
21 306
22 303
12 254
17 233
19 270
22 388
17 249
19 277
15 220
23 334
21 329
13 210
24 436
18 313
17 240
24 356
22 325
25 348
19 278
19 298
19 269
16 223
21 304
16 244
17 232
20 277
24 356
16 234
18 293
22 322
20 367
16 226
20 257
12 275
19 273
21 306
16 1048
14 218
14 306
24 679
17 266
18 256
20 288
10 196
19 334
20 297
14 287
19 291
14 218
17 301
16 263
18 349
12 230
12 199
20 339
18 266
13 233
19 345
17 245
17 694
16 245
18 284
17 278
14 231
14 219
11 202
23 334
17 245
11 191
20 310
12 265
14 221
22 325
11 255
19 272
22 376
16 247
19 278
24 415
20 295
17 257
21 318
14 228
16 297
18 276
22 308
14 288
12 211
22 315
14 205
16 222
9 249
14 229
15 186
16 325
16 220
17 327
17 261
22 324
21 300
13 208
21 466
8 177
24 339
21 298
16 247
23 337
9 161
15 232
14 220
21 302
10 166
17 336
14 208
13 211
20 372
15 214
18 276
11 241
10 190
20 326
18 253
20 287
18 348
20 290
20 278
12 318
9 181
16 330
13 219
15 207
22 393
13 180
17 234
21 386
20 300
22 391
17 255
12 200
17 257
21 271
14 216
14 219
19 267
19 253
16 228
18 262
18 260
16 247
14 211
15 224
17 241
16 256
20 285
13 211
11 218
19 295
15 219
25 474
18 255
14 289
19 266
15 242
12 342
9 1017
14 304
14 209
22 327
17 265
23 338
14 203
18 345
20 304
15 301
18 352
17 347
25 431
16 247
16 314
19 274
16 337
15 223
31 442
14 225
15 224
24 356
16 238
18 272
16 242
16 221
17 260
18 289
16 222
15 239
13 213
15 231
13 286
14 210
13 216
16 253
17 255
13 278
14 204
13 215
16 263
22 410
13 201
19 362
14 212
21 377
14 203
17 253
20 551
20 300
14 214
18 361
22 316
18 341
18 291
15 250
19 349
16 255
18 277
11 262
24 752
19 364
20 297
14 225
17 335
11 200
16 231
10 369
15 199
22 387
13 207
19 278
17 320
20 280
16 244
14 283
18 256
16 307
18 251
23 340
16 322
15 229
20 292
17 341
14 291
11 251
22 316
12 202
14 649
18 297
16 255
16 234
12 207
25 416
28 466
20 391
23 438
14 286
17 334
21 307
18 251
12 275
18 259
20 304
15 307
11 211
20 383
26 353
23 334
12 222
14 209
13 208
18 253
16 230
14 284
18 332
21 302
17 270
14 223
21 457
16 322
14 233
18 361
20 307
13 212
22 387
25 443
16 345
17 1085
12 216
11 195
12 277
20 358
19 335
14 215
25 367
14 291
16 242
18 368
17 240
18 264
15 310
15 217
23 353
14 221
13 200
30 516
21 333
18 355
23 335
15 229
14 205
21 301
19 290
14 225
16 253
21 327
16 256
17 245
16 238
15 250
13 214
19 358
15 245
14 224
17 347
17 268
12 254
15 229
15 235
14 361
12 219
12 198
17 330
13 197
13 298
18 280
16 231
13 283
16 243
23 335
15 481
15 229
15 243
14 191
15 218
21 378
20 319
10 183
18 339
11 184
18 343
17 259
14 212
14 214
16 247
24 332
16 228
19 275
18 361
24 354
16 239
18 331
13 222
21 295
19 366
15 213
16 319
16 224
17 233
24 350
14 229
18 248
12 177
18 256
20 428
17 256
20 306
14 287
15 245
14 293
12 198
15 226
20 344
11 199
24 354
23 420
15 219
21 391
15 219
19 294
14 377
20 288
18 268
13 220
16 260
19 396
19 284
19 270
23 329
17 253
12 334
22 336
18 278
28 469
21 299
13 212
19 350
24 376
17 258
21 416
13 220
21 295
12 185
16 243
24 405
20 1059
14 234
17 337
15 313
18 328
13 222
16 244
20 394
15 252
13 204
17 249
13 225
14 219
25 415
13 220
12 289
17 280
16 254
14 281
22 322
10 420
14 241
16 264
26 360
11 216
13 191
21 322
12 221
21 366
17 269
16 245
19 281
17 271
21 308
23 342
15 228
16 319
18 284
18 281
15 302
19 277
18 366
21 295
21 316
13 461
23 314
21 303
10 267
19 284
18 343
14 280
22 335
17 344
16 257
22 414
11 190
16 255
16 275
17 252
19 328
19 282
25 359
18 348
16 236
21 314
14 300
17 269
17 337
15 221
17 424
22 301
19 269
19 273
12 205
17 255
11 261
20 290
18 283
19 371
17 269
17 252
17 276
15 219
13 386
17 268
17 254
18 280
21 307
18 313
15 241
22 341
13 310
18 284
15 224
16 307
12 203
20 386
19 271
19 285
20 365
15 236
21 315
19 288
24 551
17 343
14 214
18 277
16 228
10 194
19 278
20 282
14 224
20 297
15 206
18 275
13 206
17 277
16 242
20 354
20 285
15 280
18 274
18 263
14 285
13 207
16 423
23 392
19 350
14 1089
22 321
22 413
15 313
18 329
15 385
18 342
10 181
19 368
19 261
25 371
17 342
11 205
18 337
18 268
20 283
24 440
24 346
16 243
23 388
11 199
16 304
13 190
11 199
24 335
19 275
9 173
13 207
17 239
15 236
17 240
12 190
15 303
22 342
16 250
14 360
22 309
18 358
15 225
20 295
12 294
14 219
13 200
19 396
22 321
20 367
19 275
20 295
25 429
10 184
19 284
10 255
20 281
17 343
17 260
15 231
11 259
16 249
19 345
18 257
14 214
22 308
16 245
15 220
16 246
19 276
16 254
17 242
13 196
20 393
18 268
18 266
16 307
19 287
12 219
23 421
19 259
15 304
18 260
15 236
19 259
20 401
20 377
14 223
15 228
22 315
21 292
17 252
9 249
18 257
18 371
20 278
14 198
25 424
18 447
16 234
14 294
15 218
21 378
17 252
22 335
24 382
17 257
17 265
21 315
17 255
22 313
18 250
19 284
11 186
23 342
17 255
20 350
16 244
15 213
11 197
16 247
16 315
18 250
17 249
13 286
19 365
22 756
11 190
16 247
21 300
12 203
21 297
13 1034
19 294
15 312
13 274
10 171
18 348
20 284
13 265
17 271
16 222
15 291
13 206
16 230
13 277
15 228
12 281
18 245
18 265
18 264
13 211
14 211
14 221
14 203
21 302
15 232
14 217
16 235
15 216
9 186
17 431
17 246
19 345
16 243
18 260
17 316
18 264
12 196
18 266
17 243
26 447
20 286
16 257
17 255
20 297
18 256
22 404
24 361
23 393
23 346
13 204
16 303
18 254
18 369
25 347
18 265
15 300
22 320
17 248
17 649
21 315
19 346
20 295
19 269
14 266
15 236
16 222
17 304
15 229
19 354
13 260
16 304
21 377
12 187
25 359
11 252
15 225
17 321
16 220
18 262
12 546
16 223
18 248
21 382
13 182
21 369
9 175
15 229
22 569
18 2431
17 329
19 381
18 276
13 305
9 171
22 425
19 343
11 198
11 268
12 196
20 288
13 274
17 252
13 202
11 254
20 287
25 449
10 255
15 193
17 244
21 319
21 1168
18 282
17 310
17 250
18 281
11 183
20 375
20 285
24 445
21 359
17 286
14 280
24 348
12 205
13 337
14 226
16 348
20 359
20 293
16 314
15 232
17 228
14 280
16 276
12 260
16 457
15 211
21 388
20 306
15 236
12 206
16 238
12 288
26 378
15 226
19 362
19 282
15 224
20 494
20 316
16 315
14 277
14 227
16 315
26 357
20 275
18 288
16 231
21 425
18 245
23 324
16 331
14 205
23 318
16 319
32 463
13 280
30 400
21 300
14 225
17 258
17 336
18 282
21 295
16 318
12 589
11 208
16 330
16 242
18 328
17 243
13 199
16 234
12 205
15 224
14 207
21 277
14 211
12 202
13 210
22 374
16 227
21 299
17 251
19 321
15 211
22 330
19 262
15 304
21 295
22 313
14 284
12 207
16 218
18 278
14 203
16 236
14 368
23 352
16 354
14 198
17 244
17 254
19 270
16 311
12 303
15 311
22 389
19 294
12 388
17 237
14 222
22 413
15 226
25 489
12 305
16 232
13 282
18 249
14 221
19 380
14 211
19 422
24 340
22 330
14 209
18 260
18 282
19 1158
19 305
17 333
13 199
20 285
14 284
11 219
21 314
25 448
20 294
13 204
16 222
21 280
17 363
18 247
15 218
14 308
16 236
14 290
13 208
17 267
21 388
20 282
16 231
16 341
23 318
14 288
18 238
19 536
11 199
14 224
17 259
18 278
18 286
22 337
21 315
21 301
21 373
19 269
16 248
22 316
20 312
13 213
22 319
12 213
16 252
19 375
15 300
16 309
16 234
18 268
24 352
18 258
15 231
14 209
18 8427
11 202
23 340
17 264
11 190
19 298
22 372
17 317
24 645
15 225
17 259
17 316
13 267
19 333
19 379
21 356
11 276
23 319
15 253
19 291
21 298
13 205
17 261
19 293
16 234
20 276
13 219
16 224
20 280
19 260
15 200
19 263
15 388
17 254
20 1677
22 400
24 365
14 199
26 454
19 308
21 16684
15 223
19 272
16 296
11 200
21 392
12 201
20 279
19 360
19 281
17 230
19 355
17 241
19 341
14 212
19 272
16 312
19 343
22 299
19 384
15 283
23 426
14 209
13 278
14 318
15 225
20 308
16 299
18 320
20 366
16 235
14 215
16 219
20 1276
15 243
18 342
12 335
20 354
17 250
15 236
12 194
10 191
18 284
19 287
14 217
17 251
19 280
19 267
14 211
17 265
10 196
13 266
18 496
10 258
25 374
17 256
14 280
15 238
18 246
22 324
12 222
14 284
21 340
14 290
25 381
14 218
13 220
11 187
15 232
14 210
12 212
15 211
23 328
19 293
17 335
18 333
12 208
16 240
16 236
16 336
13 214
18 252
24 399
22 339
21 358
23 333
22 306
12 267
21 326
14 227
13 278
21 381
21 378
18 257
17 254
18 334
17 307
21 296
20 289
14 219
22 391
16 222
18 255
11 188
10 191
12 203
12 211
21 289
12 196
21 310
18 275
23 423
19 549
19 376
16 231
21 321
25 439
17 261
13 217
13 211
23 339
17 317
15 226
26 384
22 327
19 272
19 262
23 389
15 225
20 352
24 339
19 296
17 343
19 292
20 301
18 332
20 310
24 410
25 355
15 218
14 289
9 165
15 207
19 346
18 267
9 204
18 247
18 268
19 280
22 336
12 196
16 228
10 190
22 497
18 267
19 269
15 227
13 200
20 295
21 368
11 192
14 1013
14 214
18 340
16 330
15 236
13 210
18 334
24 336
20 475
15 272
13 227
21 493
22 329
17 322
17 267
18 284
10 185
23 403
20 291
19 348
20 301
24 453
17 235
19 257
18 270
13 272
21 303
17 326
18 253
18 377
12 186
21 401
17 252
18 274
18 260
13 192
15 226
14 226
17 251
25 372
17 333
23 334
11 180
30 494
16 249
16 311
16 222
21 302
21 305
21 313
15 220
21 289
17 241
19 356
21 296
19 253
23 329
16 241
18 379
14 277
18 328
13 326
20 287
17 239
14 294
15 412
20 312
11 263
21 317
18 333
11 180
20 283
25 348
15 210
13 206
13 217
13 200
15 228
20 474
17 259
15 291
18 259
18 353
12 208
22 326
27 488
18 288
20 328
20 386
13 196
23 417
15 224
18 264
24 357
10 186
22 328
18 259
12 173
18 265
23 351
16 239
20 372
20 375
23 346
20 354
18 274
21 384
14 270
9 181
18 334
21 304
15 239
16 334
20 292
16 658
16 233
12 207
12 271
18 266
20 332
22 322
21 300
19 369
13 201
13 456
22 387
20 293
16 312
15 1867
10 208
18 276
14 271
15 294
14 318
15 235
14 219
15 252
15 292
20 365
13 278
15 328
24 437
18 262
16 315
19 275
25 378
17 250
16 245
13 268
13 217
20 304
16 421
26 367
12 194
24 353
16 238
15 323
18 254
16 233
21 384
27 356
20 288
20 380
13 195
24 421
14 262
21 300
14 303
15 220
19 341
22 311
15 206
17 243
16 304
18 276
16 228
11 247
16 239
13 206
15 221
15 212
16 235
26 367
22 509
15 290
21 311
14 209
17 261
17 243
27 373
10 264
19 291
18 356
18 271
17 307
18 340
13 219
17 259
14 297
22 304
16 311
15 224
20 304
14 290
22 325
23 349
23 355
18 263
24 452
14 221
21 335
23 424
23 336
20 294
25 754
17 256
18 357
19 367
19 289
19 283
19 291
19 275
18 246
14 221
15 228
18 255
13 205
14 216
24 349
15 239
17 234
11 265
13 287
14 206
20 278
17 696
17 258
17 247
12 209
14 217
15 278
17 396
19 302
18 255
15 215
9 277
14 215
16 242
17 320
13 377
9 176
16 251
16 273
23 347
19 281
12 214
18 1092
14 228
19 355
18 261
25 378
17 271
20 298
22 305
26 375
17 271
21 296
14 210
29 412
20 282
17 268
18 258
21 286
18 280
20 282
13 552
17 240
24 432
14 218
11 201
15 236
14 198
14 213
19 283
21 299
22 333
22 317
20 294
15 300
24 335
29 456
20 305
11 196
23 416
14 189
20 288
21 373
19 267
19 510
12 207
21 297
23 411
17 248
14 229
18 344
21 293
15 320
13 218
14 197
18 330
11 183
13 197
22 397
18 259
16 297
21 287
19 290
19 278
26 363
15 250
17 331
10 188
15 309
24 346
14 221
17 323
17 265
11 192
18 344
14 231
16 308
18 273
16 263
23 438
12 199
14 286
12 195
12 281
16 253
21 315
16 229
19 258
14 219
17 466
13 194
16 362
14 208
14 226
18 356
18 265
13 215
22 303
11 187
14 287
17 262
22 323
22 390
17 318
13 273
13 214
20 450
17 352
18 285
17 250
14 208
15 222
17 250
19 277
21 313
19 281
21 314
16 256
18 349
15 227
12 279
25 363
15 225
10 257
12 205
15 235
12 268
21 299
17 707
9 183
22 1106
15 242
21 313
18 344
20 303
17 261
21 388
15 236
13 198
14 283
12 200
22 317
17 316
13 208
29 482
14 206
10 188
15 233
21 378
21 308
12 284
17 249
22 421
19 335
16 356
13 286
19 294
14 206
11 265
20 301
16 305
15 236
20 286
15 308
14 216
14 287
16 306
14 399
18 446
17 319
15 320
19 358
17 247
22 391
17 303
18 293
14 282
16 231
16 245
21 390
17 269
13 286
23 331
20 296
14 282
19 286
21 311
20 298
13 203
13 292
11 197
14 210
21 387
17 300
15 220
15 329
22 391
25 432
13 192
18 277
13 263
13 203
15 221
19 357
17 241
25 433
18 264
8 171
19 361
13 282
22 518
18 258
19 274
20 377
15 222
16 225
17 301
21 287
13 197
16 326
14 243
16 335
16 232
23 321
12 201
15 241
16 242
15 297
21 497
17 263
20 286
22 321
18 328
20 292
13 196
23 403
16 235
25 448
18 275
22 321
21 414
14 218
12 277
17 247
22 329
21 361
10 247
17 260
19 371
17 248
10 282
20 293
19 288
15 298
15 214
21 291
18 330
16 224
15 1181
20 321
18 339
11 276
11 249
8 234
20 370
21 313
18 339
18 281
20 306
19 296
22 297
19 272
19 383
21 334
22 391
18 273
17 257
19 393
12 184
22 319
12 194
20 284
11 179
25 357
18 271
21 589
19 278
14 214
18 368
21 298
15 314
20 303
16 261
11 285
22 329
16 215
19 339
16 229
17 319
18 268
17 240
15 247
15 230
21 307
19 275
21 297
20 289
25 355
10 185
19 296
20 293
15 320
8 173
13 274
16 238
15 227
25 353
19 360
20 295
18 364
17 265
15 207
21 294
18 253
11 176
15 240
16 252
17 346
19 250
13 215
20 364
16 235
17 262
20 380
18 703
16 343
15 213
20 288
16 219
22 297
19 358
14 207
16 232
20 294
15 491
20 318
20 362
22 318
15 227
17 280
22 346
17 304
16 223
17 259
15 239
20 380
19 290
18 278
18 278
22 406
24 325
14 231
15 297
19 279
10 193
15 221
18 268
21 388
21 300
25 362
20 387
22 314
21 379
15 240
18 276
18 493
17 268
17 270
22 386
14 202
13 268
13 189
15 222
14 284
19 281
22 399
13 1086
14 217
13 213
16 309
18 346
20 298
19 284
18 281
17 260
26 392
25 408
20 311
19 369
19 281
22 304
26 649
17 245
19 293
14 297
14 211
16 293
24 355
19 291
17 335
25 416
13 262
19 298
27 384
20 484
19 284
22 323
22 389
17 269
21 318
15 303
15 234
16 240
14 225
16 236
12 210
18 263
17 264
12 197
17 244
14 227
21 328
16 228
15 221
17 264
19 269
23 349
23 336
10 274
16 247
9 179
9 218
21 368
18 350
13 307
17 236
23 402
22 317
16 231
12 262
16 238
16 261
16 309
17 266
14 298
12 202
21 297
17 435
13 222
16 356
16 420
17 343
23 422
12 264
15 206
15 226
19 372
16 317
19 252
16 245
16 237
11 187
15 243
14 222
19 290
21 347
17 256
13 207
18 242
20 301
17 277
14 285
13 211
15 305
15 238
24 379
18 376
22 343
20 297
17 326
16 229
21 378
15 225
21 306
21 314
19 286
17 257
20 320
17 247
16 502
17 233
19 265
19 378
16 236
25 367
21 292
13 230
20 304
18 382
14 199
16 250
21 397
16 250
22 395
15 1062
22 337
9 274
20 287
14 308
15 379
26 735
20 309
21 295
14 292
15 239
13 214
23 415
15 226
18 360
19 298
22 327
12 271
17 267
17 261
14 300
16 240
17 318
16 233
20 290
24 423
10 177
21 290
11 259
21 313
27 449
13 196
11 179
17 327
15 239
17 247
18 352
18 269
15 235
13 203
10 174
13 215
16 230
18 270
15 230
22 320
14 222
22 342
19 282
11 183
14 218
18 258
18 244
15 226
15 235
14 216
19 284
17 318
17 270
17 320
15 244
16 230
15 256
17 251
10 185
13 293
15 238
24 590
14 212
22 481
15 289
20 292
16 243
13 284
17 265
17 312
23 420
13 208
18 347
17 250
18 264
17 326
16 259
9 258
21 394
29 404
18 283
20 294
17 251
21 447
17 273
24 356
15 222
14 210
21 327
20 281
15 226
21 379
23 322
11 253
21 435
19 265
20 371
22 378
21 284
19 278
13 205
17 263
19 365
15 226
23 343
15 223
20 376
19 347
23 354
12 309
16 237
18 250
15 296
17 274
25 452
13 280
15 311
16 322
12 424
19 354
19 362
15 217
15 1249
13 211
18 318
12 217
20 298
17 259
19 270
16 246
13 236
19 271
21 310
13 307
16 248
18 271
13 295
11 188
14 322
19 270
14 220
19 282
24 366
20 284
17 322
24 352
11 240
17 244
13 215
15 303
15 241
22 348
18 352
19 277
15 227
21 314
14 293
20 355
20 286
20 384
18 258
18 287
14 292
15 202
18 731
15 233
18 274
12 312
12 206
11 268
15 235
19 265
16 225
16 238
18 273
20 302
16 240
22 397
22 312
16 419
20 376
18 345
24 363
22 774
13 221
14 311
15 238
15 229
19 354
13 215
14 218
15 293
14 223
20 378
14 225
19 290
13 205
16 234
15 231
14 222
17 265
18 329
20 310
20 306
16 252
16 242
16 236
22 315
21 306
15 235
21 337
25 385
16 242
29 423
20 288
15 217
12 200
14 229
21 316
14 222
18 336
20 339
21 375
16 239
8 168
15 243
20 281
18 276
23 423
12 277
15 227
16 241
18 270
21 397
18 273
10 196
23 411
17 305
19 534
27 391
16 243
19 330
19 281
15 230
23 384
15 308
16 682
18 257
19 298
21 307
17 1127
18 303
22 426
25 482
17 278
27 367
16 270
16 347
15 304
15 354
19 287
15 232
20 564
16 255
22 305
21 403
18 285
16 252
22 381
14 228
15 303
20 299
20 289
13 284
17 269
19 374
15 210
24 344
20 396
19 288
17 259
21 398
23 333
18 341
11 199
14 211
17 332
14 220
21 317
18 329
15 229
16 322
18 278
21 310
24 577
17 248
18 272
17 308
16 244
18 319
18 287
17 266
15 227
14 202
22 471
23 423
12 220
16 335
19 288
22 327
14 206
17 256
16 218
16 293
26 376
21 414
19 286
16 240
26 451
17 267
21 307
12 286
17 331
16 665
20 313
20 292
13 280
16 250
20 7881
19 469
12 319
20 484
13 252
15 290
19 491
15 326
16 364
16 366
18 425
19 454
21 364
15 323
14 331
19 296
16 324
19 287
11 207
19 359
12 189
18 281
20 400
18 258
15 603
18 272
14 228
19 369
24 357
23 401
17 526
13 300
18 360
15 230
25 374
24 427
23 325
15 228
21 377
17 337
17 358
21 303
20 282
18 349
16 241
18 273
19 352
26 437
20 385
17 267
20 1304
21 455
20 386
13 290
19 360
17 316
18 350
11 173
18 275
15 250
26 407
23 309
15 295
18 331
10 258
15 254
12 204
22 406
18 289
16 244
17 353
18 345
13 279
19 296
16 341
14 303
17 256
20 371
21 303
19 295
21 376
19 541
18 263
13 295
19 291
25 449
20 310
16 238
18 336
21 301
19 284
17 316
22 321
18 342
16 237
21 302
12 200
16 258
20 302
17 352
14 223
20 286
22 338
17 272
12 262
18 333
13 193
18 566
18 268
20 374
18 270
17 246
19 365
22 336
18 363
16 249
15 235
17 327
17 263
16 234
14 326
20 410
23 430
16 343
14 227
22 393
21 299
13 206
16 239
16 252
16 313
19 284
24 353
25 426
18 276
13 296
23 331
14 218
23 497
19 302
16 255
19 494
13 215
13 259
20 325
25 403
16 319
15 224
18 257
23 425
20 318
13 290
14 213
12 188
14 281
16 250
20 291
14 214
14 303
19 387
13 270
14 213
18 460
15 219
16 349
21 324
15 226
23 338
22 490
17 270
17 332
12 6341
19 568
18 440
20 439
19 533
22 559
16 334
22 1860
13 247
22 404
17 331
13 212
14 328
16 239
19 286
16 313
15 229
18 345
18 284
15 243
14 231
20 310
14 216
13 276
16 308
21 402
22 613
20 301
21 427
20 315
16 264
22 416
21 315
18 344
19 268
19 264
21 647
21 309
15 230
18 352
20 307
16 291
18 265
21 312
21 392
19 303
21 309
22 384
21 316
21 375
18 290
20 280
20 655
22 334
19 269
17 353
17 255
15 327
14 214
19 285
14 284
22 323
19 335
16 260
17 270
14 279
18 246
17 249
16 304
17 242
19 348
22 334
15 232
24 449
19 275
14 227
22 375
18 344
11 264
10 193
13 223
26 448
10 338
17 273
23 447
17 277
11 263
26 413
14 216
12 270
18 244
20 301
19 375
22 356
15 4277
14 389
19 453
16 408
14 288
17 397
11 391
11 330
18 436
10 222
12 300
19 570
17 281
19 301
24 434
21 400
13 220
17 259
19 378
19 286
24 428
18 267
16 243
14 272
14 263
21 383
17 281
16 247
16 293
17 256
16 248
15 223
19 445
14 288
21 374
17 275
13 272
25 388
19 296
20 404
23 330
18 1307
15 299
17 272
18 349
17 247
17 240
17 319
18 581
21 328
15 234
17 265
9 184
14 228
22 362
21 377
19 269
20 379
20 307
23 338
17 355
14 221
20 359
20 302
17 349
22 410
18 265
25 384
19 361
22 323
19 366
16 243
14 211
17 262
27 386
24 346
15 224
24 371
17 260
13 222
19 298
18 252
21 322
22 399
24 351
22 306
17 365
24 356
22 334
21 391
15 229
17 271
15 314
19 289
16 327
18 283
16 255
14 204
22 313
19 256
17 356
21 330
13 447
16 237
16 223
17 328
18 283
15 239
11 295
16 227
20 302
15 233
21 373
21 379
23 441
19 264
12 190
21 320
16 215
22 337
21 310
20 297
15 222
19 283
17 259
19 275
24 424
19 284
12 197
17 244
13 211
18 275
22 312
15 228
18 355
13 230
26 385
16 304
14 229
22 302
26 377
13 215
19 291
12 215
24 351
22 325
22 333
11 274
17 250
19 291
13 340
22 332
26 352
15 222
17 281
19 282
19 270
16 248
18 243
22 511
13 307
18 297
19 303
26 401
22 326
21 305
19 373
15 226
18 332
20 1221
15 254
16 245
12 276
21 407
17 316
20 318
19 349
16 250
18 282
25 354
19 275
20 376
16 239
16 238
17 333
23 342
16 248
18 323
16 244
18 324
19 293
15 234
12 342
21 300
13 202
18 323
18 275
20 360
17 257
14 204
15 317
14 209
16 230
17 338
22 317
23 417
20 296
21 293
16 228
15 214
20 291
22 339
19 284
20 288
21 300
14 228
14 391
12 208
16 245
22 402
16 237
17 329
26 367
22 326
21 426
18 261
17 250
21 778
19 278
17 336
15 224
21 329
16 311
21 323
18 354
14 218
19 266
22 398
16 242
20 308
19 282
18 265
22 310
13 202
19 291
13 215
20 296
16 241
21 405
24 340
18 267
16 229
13 195
17 246
20 277
23 360
25 381
16 235
18 346
18 296
28 397
18 343
22 334
18 271
14 276
14 191
16 303
16 236
19 276
26 640
17 266
23 524
17 336
18 292
12 204
16 240
22 329
22 503
18 259
18 259
23 336
24 335
14 317
22 420
21 311
17 342
14 231
21 711
12 226
18 267
24 417
15 221
20 302
26 438
15 230
13 276
16 246
13 1098
20 310
17 254
13 332
13 299
8 179
15 318
20 317
18 276
17 340
18 262
17 260
19 366
14 223
19 351
23 378
20 292
23 333
17 263
23 323
23 430
20 295
30 600
21 375
18 365
23 416
18 263
24 583
18 261
19 555
22 329
16 243
22 409
20 315
15 219
22 373
23 332
13 297
14 242
17 264
15 229
18 281
12 219
19 363
10 197
17 321
14 230
21 316
22 411
19 299
21 418
17 250
14 215
19 366
17 257
15 224
20 379
14 226
23 397
13 224
15 251
19 383
16 222
14 226
17 346
25 488
22 377
14 235
17 291
17 313
18 256
13 210
18 346
21 318
20 369
21 290
16 246
13 227
13 217
21 320
18 268
27 397
23 316
17 242
17 243
11 187
13 203
22 488
20 302
14 215
21 399
22 324
30 429
19 371
17 258
20 321
13 301
19 371
26 449
17 276
19 308
14 207
14 215
19 301
14 322
14 213
19 346
24 425
19 292
9 305
12 205
19 373
14 214
13 204
17 322
21 318
22 331
24 348
21 308
14 219
13 199
17 266
10 201
14 223
23 331
20 294
22 335
16 305
13 1353
20 341
18 372
16 346
22 337
16 334
15 208
19 378
23 327
26 378
15 301
13 206
15 237
20 381
30 442
16 371
16 404
26 389
18 657
14 222
18 355
19 295
20 292
27 474
19 344
31 431
19 354
20 314
25 402
22 322
14 219
22 325
18 268
18 278
21 336
13 232
20 314
23 343
16 229
23 337
13 198
23 316
16 235
13 211
25 363
13 205
16 232
23 412
17 273
17 278
22 412
17 261
16 313
14 231
19 274
20 386
20 317
22 323
21 469
17 270
20 357
19 279
17 238
18 344
18 278
22 337
14 314
12 202
22 427
22 591
21 314
19 372
12 270
14 226
18 329
20 282
16 336
11 206
26 387
24 345
19 287
12 207
17 256
17 230
21 310
16 238
13 216
19 290
18 297
20 282
13 214
20 315
11 197
15 233
14 195
21 306
22 331
19 368
21 331
18 260
22 341
20 283
17 262
17 335
18 273
19 385
22 345
23 345
17 337
19 282
19 291
20 364
20 312
21 374
15 210
20 288
17 252
12 197
22 337
17 259
17 234
15 248
11 198
22 305
15 337
22 364
25 521
19 309
14 1119
17 332
20 288
26 392
25 487
23 365
17 262
15 329
20 726
20 381
22 322
18 259
17 337
16 249
15 237
20 353
19 281
15 301
23 350
24 327
17 325
17 251
15 286
18 271
22 339
22 443
13 207
13 216
12 266
20 379
12 307
15 223
18 250
25 345
17 270
17 344
19 328
18 321
22 416
22 319
23 338
18 326
16 254
15 223
24 438
15 210
22 377
12 188
22 333
16 566
23 327
21 311
13 277
12 213
12 484
21 298
19 314
17 253
16 247
22 311
18 339
16 245
19 369
13 219
14 222
20 405
16 234
17 338
13 196
28 401
23 406
13 233
16 299
14 210
14 225
20 298
16 231
15 217
23 350
17 240
22 389
13 218
19 351
20 373
17 347
17 245
24 441
19 310
20 371
18 297
11 197
16 330
23 328
17 311
18 255
15 235
17 255
22 429
14 312
16 324
19 278
16 331
12 188
15 235
14 283
20 308
15 244
12 277
12 196
19 372
26 808
16 243
21 297
14 368
16 331
14 276
15 305
19 356
14 231
14 227
11 240
26 375
19 275
12 287
16 250
18 362
22 404
11 280
15 2439
16 247
18 347
18 332
19 283
21 432
11 293
23 376
18 362
18 299
16 320
12 202
13 216
20 407
19 291
21 302
15 242
18 279
20 389
12 211
18 304
16 238
26 395
16 240
23 437
14 200
17 354
18 275
17 253
15 214
14 224
18 267
18 263
22 329
16 264
15 241
14 223
20 303
25 367
14 225
20 383
11 199
21 380
14 193
12 205
15 451
25 383
22 310
17 350
12 207
15 249
20 306
19 269
17 330
17 264
19 278
16 258
15 225
28 670
18 290
21 296
16 330
15 226
16 320
22 309
16 237
12 202
17 365
11 195
14 209
16 240
18 287
23 357
13 217
14 211
18 281
23 331
14 197
19 472
8 185
23 357
15 250
21 395
16 253
13 228
10 253
15 235
19 366
12 196
24 331
14 208
29 447
11 195
20 289
15 231
10 311
19 305
15 236
23 332
17 262
14 212
10 197
15 317
15 241
25 387
20 475
18 284
17 268
17 268
25 384
22 344
17 344
18 264
15 213
24 350
24 337
15 213
15 236
31 469
17 249
19 282
18 262
16 243
14 193
16 227
21 387
26 401
20 369
18 1081
17 287
16 339
17 316
19 298
20 284
12 196
20 378
20 297
14 215
21 412
16 253
16 579
17 349
11 204
13 301
16 242
19 284
23 458
16 246
20 353
21 345
17 266
22 427
22 322
14 212
21 317
15 299
25 467
11 183
16 247
15 231
18 268
23 527
13 222
22 443
21 410
12 178
18 268
16 267
18 241
18 278
18 277
16 247
18 357
17 267
15 220
18 345
11 200
25 378
20 288
18 270
19 597
22 391
15 248
23 436
15 248
14 273
17 238
21 333
20 350
22 336
18 289
12 288
19 283
27 466
21 336
13 226
11 211
18 262
26 398
16 219
16 404
24 347
20 306
25 380
21 314
21 316
25 372
21 313
19 269
16 237
16 239
19 288
23 366
24 367
15 233
16 288
22 493
15 307
20 307
20 294
19 285
18 282
17 276
16 345
15 259
17 267
13 201
18 282
16 312
23 331
10 270
22 379
17 278
15 314
19 314
11 271
18 293
20 298
13 328
21 305
17 273
19 392
17 262
12 258
25 342
18 261
18 289
22 324
13 202
16 423
18 359
19 351
20 319
18 303
19 378
19 284
16 1057
13 285
14 400
13 284
16 256
20 301
21 404
17 254
23 405
18 349
20 303
17 334
18 260
13 202
12 255
19 296
20 281
18 365
20 317
24 642
17 266
21 314
14 549
18 273
22 345
16 312
16 236
18 339
17 271
16 233
19 302
17 262
16 334
22 302
14 214
19 344
20 279
20 303
17 329
23 369
13 289
18 271
19 286
17 358
17 272
17 321
25 433
15 320
18 327
8 173
15 327
22 401
18 343
13 201
21 380
18 277
14 222
21 328
16 222
16 329
19 291
16 244
24 812
15 234
15 326
18 262
12 197
11 200
25 367
17 249
14 223
16 225
27 420
21 321
18 259
17 260
15 520
16 328
19 338
20 302
19 256
11 185
21 320
14 221
25 398
15 242
17 368
28 620
14 295
14 279
19 290
21 418
17 277
15 232
18 340
21 437
25 441
23 343
25 373
17 292
25 365
15 320
16 236
17 268
17 347
17 246
17 279
18 360
20 300
16 304
23 363
15 242
19 299
15 227
22 340
12 177
19 276
16 259
12 187
22 320
19 312
11 181
16 251
20 387
15 284
23 414
17 279
18 290
23 1271
15 305
23 386
10 262
31 751
25 398
20 362
15 322
25 431
13 219
11 262
21 322
20 280
18 354
18 283
20 308
13 372
23 375
21 406
16 259
13 192
16 323
16 251
16 322
16 318
21 308
18 279
14 214
24 338
21 309
18 260
23 325
16 258
21 309
17 263
19 310
27 374
13 213
17 298
17 241
15 237
21 290
13 263
16 224
20 288
23 334
17 259
23 342
18 291
14 212
12 241
14 213
17 259
12 571
19 290
25 373
19 355
21 315
21 380
15 210
21 471
18 362
16 242
16 243
16 317
17 270
17 348
22 314
15 325
21 298
15 216
20 316
16 227
14 200
17 267
16 253
19 277
21 306
26 367
15 321
16 226
17 273
23 403
19 284
15 244
28 499
19 275
14 324
8 168
17 272
21 381
13 212
19 301
17 635
18 271
24 425
17 248
20 295
20 358
19 293
23 340
15 305
14 211
18 348
18 284
18 263
18 348
24 337
12 197
17 343
14 290
13 300
14 216
20 309
19 458
23 337
15 223
16 322
22 481
10 300
20 333
13 213
24 365
14 210
15 223
12 198
20 291
23 442
14 1015
17 285
17 335
18 720
19 284
12 192
24 374
16 232
24 426
20 316
14 213
20 278
12 288
20 305
15 238
16 239
20 323
17 261
15 305
14 229
9 183
25 372
25 473
25 376
13 205
19 353
20 294
22 316
22 415
12 186
21 433
28 416
17 257
18 345
19 283
17 251
19 370
20 311
17 329
15 245
18 269
17 343
23 1400
16 314
15 360
15 234
18 425
13 218
20 887
15 255
13 206
17 272
19 270
21 336
20 413
22 324
20 322
13 259
17 276
10 199
18 601
19 562
13 281
14 219
15 237
16 298
19 294
19 394
14 300
18 266
13 1101
20 391
19 325
17 334
20 356
21 336
15 428
26 396
22 403
25 366
17 264
22 421
23 354
13 326
25 442
19 300
17 325
26 508
12 290
16 352
26 398
14 314
15 225
20 320
17 268
14 218
24 364
19 361
16 220
15 346
18 404
16 241
18 355
17 254
16 647
20 384
23 381
16 317
15 219
14 223
17 316
17 331
18 276
17 264
21 343
14 237
14 217
14 220
21 337
19 288
23 340
24 344
22 354
14 227
23 348
16 238
21 399
13 219
21 8506
15 251
12 318
18 361
16 328
14 239
21 423
18 317
22 420
22 357
18 275
14 305
16 254
15 245
16 361
19 278
17 348
19 291
11 204
14 287
19 289
9 179
15 327
11 198
16 317
19 265
21 296
16 224
23 345
18 250
24 362
16 221
16 323
24 343
18 267
21 610
17 255
16 237
14 293
13 210
13 313
17 289
20 309
16 301
22 353
15 226
14 421
21 388
20 415
12 188
18 248
19 356
18 266
21 325
26 444
17 273
16 318
16 231
14 227
12 289
18 261
25 436
15 233
17 261
22 393
17 271
16 258
16 241
14 181
21 381
17 234
18 256
18 275
20 304
17 384
12 195
12 178
20 386
18 278
20 308
25 384
20 308
13 209
13 285
25 373
18 361
31 463
22 338
13 224
16 252
10 180
17 258
25 652
23 437
19 300
14 229
18 352
18 264
22 332
16 323
20 299
14 245
18 259
14 217
18 249
15 230
14 214
16 323
19 519
20 286
18 274
14 215
15 247
19 281
21 337
18 281
21 328
20 295
20 297
23 337
17 347
16 263
22 334
17 367
20 390
12 264
25 369
19 252
12 1447
17 292
15 314
19 387
19 282
17 340
15 210
17 270
20 442
21 328
17 316
22 327
24 367
17 273
22 343
18 278
19 355
22 334
18 323
19 283
20 504
17 288
15 257
21 320
14 214
17 245
17 243
24 336
17 284
25 342
17 277
18 300
20 390
23 328
16 379
22 325
15 238
19 556
23 358
24 364
14 231
14 295
18 353
17 252
17 275
15 301
20 298
22 386
16 257
19 298
19 395
15 321
12 220
16 237
16 341
19 374
19 376
17 251
18 367
15 223
18 276
24 449
22 328
22 403
17 258
17 324
19 285
14 228
22 344
16 246
15 255
14 241
18 278
13 213
13 207
15 225
21 310
16 359
21 572
21 334
21 296
20 312
14 331
21 342
22 392
17 347
24 377
22 313
19 307
20 381
14 242
19 271
15 246
14 223
10 209
17 328
15 226
10 581
15 249
25 380
15 344
20 282
18 311
20 391
18 297
12 294
24 372
20 257
23 352
20 315
17 260
21 343
18 270
21 331
20 305
18 283
16 711
16 247
22 351
24 462
20 376
9 257
13 203
16 236
14 311
25 363
15 224
13 321
18 1024
21 410
14 217
20 301
13 304
22 341
16 282
16 477
16 229
19 343
18 277
14 211
13 225
19 465
19 362
11 265
14 224
22 414
20 340
13 228
16 321
23 374
8 179
17 358
17 328
20 296
17 275
22 304
25 413
12 184
21 431
21 316
19 294
18 390
14 233
14 227
25 442
15 248
20 416
15 211
20 324
19 365
18 273
18 286
17 328
17 280
16 318
23 365
23 366
23 365
21 319
27 409
18 333
16 239
24 426
17 275
19 287
24 428
23 333
15 232
26 475
26 391
22 617
21 325
18 258
17 266
11 212
24 353
16 252
19 309
19 284
14 221
20 288
20 324
19 297
21 308
16 338
17 260
18 255
19 305
19 281
17 329
13 208
18 252
18 384
17 264
23 401
17 232
13 239
21 410
17 264
22 323
15 232
11 198
19 338
23 346
15 385
12 260
21 381
16 302
16 245
23 352
19 293
16 249
22 302
12 206
18 289
19 309
19 276
16 239
19 294
19 295
28 385
18 304
20 297
18 357
15 299
20 467
15 381
24 429
21 321
18 260
26 474
15 296
15 320
15 276
22 324
14 320
19 1106
13 227
15 314
13 280
11 280
26 381
15 225
22 337
18 273
14 262
16 421
16 254
30 523
18 289
20 310
22 400
19 342
12 192
16 242
23 349
18 284
21 313
15 224
16 237
12 220
16 250
23 336
20 318
19 276
14 206
18 266
10 252
15 283
23 302
19 298
15 244
18 381
25 362
20 301
18 348
19 359
18 353
24 409
20 383
19 374
23 430
20 473
17 334
18 278
19 315
15 237
15 227
20 377
19 296
20 292
17 318
18 283
24 455
18 262
21 324
15 311
23 366
16 244
19 355
23 335
20 376
21 329
19 293
12 222
14 207
13 206
23 331
15 255
19 349
22 332
19 281
22 406
14 213
18 547
16 262
15 223
23 434
13 221
21 295
22 417
19 302
19 303
22 436
20 301
20 400
20 291
23 333
15 288
15 242
14 253
17 374
10 196
23 410
14 236
25 383
16 319
22 335
15 374
20 396
24 364
20 351
16 269
16 252
18 329
20 314
25 475
21 346
21 310
16 249
18 295
13 185
21 430
16 242
26 486
15 230
20 389
21 381
23 356
21 298
23 437
21 291
17 360
21 295
21 1106
15 259
17 376
13 276
15 295
16 235
18 356
20 303
15 246
22 383
23 355
15 227
13 279
16 252
20 374
15 231
14 223
17 330
23 348
25 380
20 383
15 238
22 434
23 342
19 294
23 411
20 311
17 263
19 513
18 298
23 437
22 329
10 188
16 256
16 253
19 385
17 322
13 213
26 405
15 337
21 310
17 251
22 594
17 258
20 374
19 261
18 278
21 390
16 248
18 264
14 288
23 339
17 318
23 338
21 314
19 371
23 347
12 306
15 231
23 339
16 310
17 434
20 291
15 314
22 347
11 186
17 241
12 200
18 290
21 325
24 369
16 239
16 279
21 309
15 233
20 309
19 364
21 332
20 314
18 365
16 236
26 400
11 202
20 309
20 501
25 375
20 314
16 342
24 359
21 416
21 313
21 309
14 271
22 316
12 190
13 279
13 205
18 265
18 277
22 320
15 272
17 279
12 260
16 311
15 297
14 207
31 479
15 304
20 298
17 241
26 430
15 250
24 443
13 206
12 189
25 373
20 306
17 256
13 223
19 304
18 337
17 489
14 227
17 384
16 252
21 305
14 321
14 196
18 1180
10 190
17 364
14 303
14 232
16 341
16 260
22 333
18 274
18 274
19 294
18 243
23 325
16 315
17 490
19 287
22 377
20 335
22 325
27 446
19 302
16 256
18 258
24 360
16 335
18 312
21 311
11 313
23 365
19 370
19 300
12 226
23 339
13 221
21 320
16 317
22 320
18 368
23 425
18 277
27 496
17 255
18 256
14 288
13 221
25 436
19 307
16 260
23 415
18 267
21 333
18 460
18 298
17 334
14 205
15 244
23 411
20 463
20 306
13 292
21 316
20 379
19 298
18 254
20 349
16 234
20 368
16 257
19 451
15 338
15 236
19 296
15 309
16 250
11 298
19 282
23 318
12 252
14 299
23 343
13 278
14 217
19 343
15 244
19 268
21 374
15 229
19 454
15 301
18 274
19 342
21 294
19 298
19 363
18 263
15 224
17 339
13 194
22 437
20 311
19 363
20 440
21 309
18 249
16 306
27 417
16 356
21 307
18 266
21 423
21 310
16 241
23 422
16 240
22 424
12 192
19 345
18 343
15 306
13 226
14 275
17 266
19 349
17 248
17 264
24 458
12 370
20 297
15 1078
15 279
17 327
21 398
20 317
21 375
23 366
20 360
13 222
16 262
16 225
16 258
19 269
14 284
12 196
16 348
20 289
22 317
23 427
20 331
18 266
15 381
20 315
23 487
17 261
18 302
13 297
13 197
28 435
18 351
13 214
21 380
13 197
18 269
15 317
22 341
26 374
18 345
14 220
20 379
16 241
19 285
22 523
18 263
22 401
18 271
24 371
20 299
21 300
22 313
18 364
16 236
18 332
19 300
21 488
20 391
13 224
14 223
12 272
18 278
13 515
21 326
19 308
17 280
17 270
13 217
11 210
18 275
24 367
21 321
16 249
15 236
20 309
18 276
19 276
22 351
18 382
12 216
21 293
16 237
19 288
13 231
14 366
15 221
20 381
23 362
19 282
22 448
16 234
19 361
24 414
19 288
19 358
19 298
18 283
22 409
18 278
14 356
18 389
15 225
15 239
21 369
24 364
16 312
24 374
18 263
18 339
18 347
18 273
14 298
24 368
16 530
18 294
20 398
15 215
20 306
15 294
19 281
20 298
17 319
18 272
17 387
16 237
18 267
14 272
21 319
18 285
17 322
17 1075
17 327
23 424
26 473
18 386
16 250
20 287
16 345
21 331
26 686
17 249
28 384
22 417
21 358
17 245
18 364
22 320
15 305
16 302
19 298
18 365
21 277
20 371
16 263
24 332
20 374
17 266
20 305
22 747
25 357
21 417
26 358
16 258
16 320
17 342
24 389
15 376
16 254
21 380
19 279
13 194
20 414
20 308
17 260
15 304
22 338
15 310
19 289
19 311
22 389
14 218
16 306
20 318
19 272
18 336
15 228
19 372
20 372
21 307
23 410
21 297
16 237
19 348
14 240
19 309
18 346
14 203
20 684
15 361
20 306
22 408
19 289
13 191
21 411
22 319
9 263
11 197
19 268
20 415
14 207
23 358
19 371
24 361
26 456
17 242
18 276
20 376
21 295
23 362
20 371
19 295
16 321
24 596
19 299
14 307
16 250
22 333
20 367
18 265
27 506
13 314
16 245
23 406
17 242
17 548
11 183
13 176
17 323
20 305
26 467
21 421
17 327
21 312
26 459
16 250
22 369
17 344
15 234
18 262
19 392
21 315
14 216
17 364
20 300
18 300
27 483
13 200
14 226
19 1245
22 327
16 245
16 342
23 329
16 236
20 382
21 283
21 319
12 278
15 250
16 250
17 335
21 315
16 249
21 462
16 245
18 259
23 421
19 482
14 204
18 345
22 316
19 292
23 444
15 210
18 282
19 308
19 270
16 232
21 424
25 406
32 483
20 389
19 295
11 186
14 270
21 298
19 279
20 428
22 346
29 407
30 483
19 287
19 287
18 353
13 211
23 313
20 354
15 244
17 255
19 343
16 235
13 206
21 428
20 296
20 303
19 410
17 237
17 258
19 362
21 305
12 190
25 560
14 219
17 260
22 381
17 252
18 270
14 295
14 221
19 292
22 384
20 475
20 319
24 461
25 378
16 244
15 318
12 196
20 288
17 356
18 300
16 266
14 266
16 246
20 302
17 331
17 253
19 296
26 481
14 219
22 395
19 293
24 417
24 333
13 283
22 329
21 304
23 420
15 228
16 258
17 328
25 377
20 315
19 366
20 321
24 374
17 350
21 322
14 220
12 326
23 451
16 225
26 449
15 235
16 228
17 343
16 263
16 226
17 342
19 294
25 445
17 258
19 289
11 275
11 209
17 259
16 1135
20 473
19 450
14 312
16 258
21 309
23 323
19 309
22 336
25 471
17 251
16 237
17 333
12 189
18 258
21 393
17 260
18 278
16 364
15 249
15 221
17 339
19 310
17 279
27 419
