13 4395
9 1240
17 1794
8 849
8 754
18 1908
13 1324
18 2066
11 1037
14 1486
14 1209
19 1751
17 1792
18 1838
15 1358
15 1284
15 1487
10 967
9 6694
12 1805
18 2148
15 2082
19 2646
17 1920
18 1851
16 1648
14 1896
16 2215
13 1654
17 2678
15 1889
15 1958
17 2228
13 1864
8 1018
12 1718
16 2184
12 2067
14 1812
14 1402
14 1533
17 2297
13 1621
18 2148
13 1778
17 3024
22 2506
14 1579
15 2210
15 1712
17 2068
17 2118
18 2165
21 2846
16 1917
18 2078
21 2475
15 1869
15 1578
17 1943
18 2617
14 1591
18 1856
16 2012
17 2048
12 1465
17 2222
18 1929
10 2095
17 2046
21 2248
13 1609
16 1798
11 1388
12 1352
19 2046
13 1422
13 2015
12 1637
11 1275
13 1645
10 1316
9 1244
9 1185
8 984
8 1078
14 1778
15 1710
15 2216
15 1752
18 2158
13 1706
15 1851
18 1968
14 1536
17 1908
18 2331
13 1673
11 1168
15 1672
14 1699
14 1592
15 1621
16 1719
13 1469
16 2405
17 2087
12 1486
16 2368
20 2222
15 1704
18 2413
13 1411
14 2028
20 2447
20 2565
19 2054
19 2166
14 1667
14 1540
14 2098
20 2724
15 2103
15 1637
18 2010
18 1880
12 1588
13 2130
13 1533
14 2408
14 1913
11 1239
20 2239
9 1196
16 1781
18 1955
14 1534
20 2671
13 1930
19 2336
16 1670
14 1557
13 1432
19 1809
18 1899
17 1882
19 2668
18 1945
17 1857
8 5866
21 2325
18 2176
19 2077
16 2289
20 2632
15 1978
18 1932
16 1954
20 2020
14 1431
19 2208
24 4050
25 13498
20 804
26 2626
20 430
12 3284
19 421
16 735
18 529
18 348
14 546
14 328
14 245
15 387
15 267
17 673
17 375
23 534
22 613
17 551
13 474
14 588
14 442
18 343
21 350
18 833
13 273
21 461
16 454
18 509
14 312
18 337
20 542
16 443
15 337
17 421
22 415
21 324
18 528
17 418
17 392
19 475
16 360
16 359
15 487
21 415
20 326
18 518
15 372
15 336
14 299
18 778
14 317
20 438
11 282
15 335
15 548
14 257
13 416
17 967
17 360
18 685
10 259
18 409
18 793
10 402
24 759
18 422
18 398
22 532
23 554
16 342
22 374
15 499
10 283
19 417
10 209
12 441
20 372
11 256
18 808
16 445
16 458
21 388
20 472
14 370
16 452
12 328
20 385
22 564
6 174
20 333
23 462
17 431
21 6581
21 497
20 452
11 453
18 578
13 1084
15 407
17 1066
17 401
16 661
14 378
13 248
14 318
19 523
14 425
18 352
10 245
19 575
18 392
17 257
18 446
17 299
13 281
20 398
13 370
12 283
19 369
21 852
19 435
15 919
15 567
21 608
14 325
16 390
14 318
15 417
14 395
14 541
19 440
15 434
19 452
14 287
18 520
15 284
12 272
10 243
13 463
12 257
13 255
21 419
14 351
17 336
15 282
18 652
17 291
14 317
17 288
16 483
18 377
16 259
20 336
17 432
21 560
14 270
13 662
13 220
16 289
17 472
20 565
11 447
23 810
13 268
17 458
27 593
26 362
14 297
20 548
11 323
15 461
14 320
15 350
17 357
13 374
14 244
17 393
17 481
18 386
13 2535
14 348
16 511
15 459
15 204
16 441
15 479
14 298
17 327
16 208
18 424
10 199
17 312
17 196
24 780
13 314
19 425
11 183
18 266
20 315
21 437
18 772
16 233
23 302
15 212
12 365
10 203
20 365
11 295
18 585
11 191
20 378
13 231
14 219
15 387
22 496
21 262
22 302
15 230
22 490
19 305
16 228
17 271
14 336
23 364
14 307
23 354
16 417
13 291
14 210
23 483
22 740
22 422
21 273
26 754
16 214
24 581
21 413
9 190
16 357
13 314
22 437
16 470
14 7466
18 414
18 602
22 699
13 335
17 400
19 567
16 488
21 584
16 267
15 258
21 351
16 238
14 348
21 330
15 258
15 288
17 423
19 411
18 282
17 336
23 456
18 262
20 414
12 213
18 278
10 214
9 166
22 326
20 829
23 395
15 216
12 349
11 238
21 470
10 303
20 263
17 424
14 234
20 557
13 349
23 459
22 289
18 312
6 173
13 439
20 366
21 415
21 286
21 554
14 216
16 394
18 243
10 307
18 217
14 353
23 414
9 189
20 388
18 475
18 569
25 364
9 287
9 189
22 907
11 320
22 507
18 373
21 397
16 263
21 255
11 253
11 175
21 439
22 458
12 352
20 296
13 333
19 530
13 179
18 350
19 660
18 231
12 259
14 302
14 176
22 406
18 340
25 653
17 296
18 343
22 319
17 262
18 362
21 465
19 259
14 206
20 273
20 289
18 834
20 278
22 360
17 235
19 334
23 330
21 441
22 460
21 396
16 347
15 307
14 227
19 256
20 426
14 215
21 299
22 349
16 338
21 969
15 237
19 481
11 315
27 511
12 234
19 395
21 444
21 321
15 319
22 307
15 453
17 264
17 221
11 220
11 329
24 485
13 259
24 364
23 411
23 379
14 233
13 208
20 377
22 491
11 238
15 302
21 358
19 259
23 474
22 296
24 468
20 341
21 286
24 404
19 313
22 285
23 397
21 305
15 252
22 318
21 271
22 297
15 316
24 365
21 300
16 371
19 510
17 312
13 415
24 489
25 433
13 304
14 695
14 473
24 757
13 216
15 272
20 304
18 450
17 362
19 421
15 215
21 380
22 398
22 265
18 5967
21 376
15 417
18 392
12 284
9 238
20 501
21 412
16 356
21 1132
16 225
10 300
12 357
19 484
10 279
9 158
15 202
18 390
22 405
17 222
20 254
18 340
20 282
12 476
19 733
11 187
19 279
12 234
15 337
17 247
11 358
21 394
21 331
18 262
12 206
14 224
21 565
17 237
12 266
12 242
16 332
12 303
17 365
20 379
12 429
18 269
17 226
15 224
18 285
11 332
20 434
22 654
17 244
7 170
21 316
13 300
20 337
15 254
21 402
15 355
12 184
21 329
11 267
18 555
12 207
19 307
15 315
15 291
16 312
16 325
15 189
16 225
15 373
17 227
12 184
15 243
17 431
13 211
23 365
13 206
12 189
13 227
20 289
18 277
17 249
19 531
13 284
20 288
21 412
20 312
18 280
15 264
23 374
20 380
15 318
14 217
22 420
20 287
18 536
20 308
18 325
20 288
24 557
21 481
17 439
21 262
16 268
17 224
23 344
26 483
16 592
14 230
16 229
15 423
16 217
17 355
21 408
19 276
14 228
30 551
15 221
19 257
32 627
20 274
13 254
30 678
23 546
13 206
14 247
13 179
16 324
28 460
13 310
20 433
16 269
11 186
18 782
20 302
14 287
13 198
17 710
13 187
25 461
17 414
15 305
25 340
16 263
14 221
15 317
25 442
18 397
15 222
11 380
13 208
23 432
17 233
24 322
13 205
26 489
16 248
12 235
10 163
21 308
20 260
15 226
14 191
14 206
16 342
18 664
14 221
17 335
15 214
19 371
25 534
13 1008
22 2429
21 282
19 330
20 374
16 238
21 354
19 285
19 251
20 498
17 218
16 213
16 268
26 378
15 259
23 297
15 680
22 736
10 309
22 312
9 182
18 384
8 169
17 248
13 253
20 523
16 238
21 278
16 238
18 267
17 341
15 215
19 248
21 399
18 733
13 228
19 264
19 258
17 330
17 248
19 372
11 213
16 213
18 255
18 219
18 369
13 191
17 218
16 201
15 502
20 371
13 390
11 179
13 356
21 786
17 752
16 256
14 193
15 200
15 307
15 375
17 227
15 242
17 314
18 382
16 206
22 419
15 296
15 172
17 317
19 575
21 421
16 236
19 272
18 233
19 264
17 319
14 419
20 287
19 265
18 249
17 320
16 286
15 301
10 176
17 251
19 420
18 374
20 366
15 368
19 341
21 326
18 254
21 649
21 505
19 273
20 362
19 277
19 278
21 425
20 328
20 286
18 322
18 252
12 191
14 298
10 186
16 221
15 212
14 237
18 283
16 265
15 682
15 227
16 399
20 330
17 291
20 292
17 266
15 284
17 255
14 200
15 213
13 176
20 376
18 323
17 264
20 262
13 357
12 175
16 234
17 331
15 284
16 421
17 281
16 411
16 245
13 219
14 236
19 365
20 417
18 257
19 334
20 339
19 314
10 274
22 446
22 411
21 287
16 263
13 188
21 310
15 217
18 241
13 200
14 261
16 190
18 337
20 347
18 368
21 416
22 298
22 269
21 393
15 235
21 254
18 255
19 344
15 253
20 265
19 419
13 280
19 254
17 734
12 183
14 207
14 212
17 233
15 224
14 215
16 210
15 326
17 308
13 400
17 395
18 267
9 174
19 375
19 273
20 318
19 270
19 404
18 337
18 275
19 443
19 369
13 187
16 230
17 341
22 438
18 316
17 268
18 250
18 250
21 514
15 232
19 244
18 247
19 277
11 196
21 431
10 185
21 289
14 239
14 422
17 225
14 199
14 214
14 338
14 197
13 180
20 313
20 278
10 183
12 204
22 341
14 260
22 325
21 266
17 357
20 267
22 316
16 258
15 315
15 236
16 787
19 269
14 301
