14 3347
23 2164
22 1671
17 1318
19 1591
12 902
16 1120
12 1879
20 1582
16 1221
14 1027
19 1253
10 778
19 1340
24 24182
11 1070
18 1687
20 1665
13 934
16 1115
14 991
17 1458
15 1137
15 1382
9 786
21 1637
13 1071
18 1142
21 1302
21 1476
15 1409
18 1469
18 1714
9 707
18 1334
14 987
13 1174
13 1137
17 1363
11 1168
20 1853
17 1183
17 1292
13 864
22 1491
15 1029
16 1317
15 1793
16 1587
17 1141
19 1165
11 896
20 1258
16 1285
22 1827
18 1175
14 985
23 1572
18 1171
18 1230
12 821
13 853
21 1738
20 1526
17 1362
22 1634
15 1066
13 881
29 1856
9 963
13 862
12 923
20 1331
17 1062
19 1329
17 1133
16 1131
13 1331
14 1019
21 1494
21 1318
10 662
13 864
24 1460
13 944
14 1156
12 807
23 1607
19 1212
18 1216
18 1167
16 1125
17 1433
11 703
27 1831
15 1449
15 1051
20 1366
19 1326
15 1060
