3258
2697
6299
535
8243
816
3352
906
9744
7213
4356
6216
586
9321
1898
1501
539
4765
2098
1997
8118
4548
2663
4798
9536
3912
6146
7624
2018
2269
8389
865
2995
6434
3604
161
4670
3429
1643
3150
7442
3131
3370
3231
2939
3869
8535
1255
4288
3827
3614
4754
527
7870
9792
2508
477
8162
4647
7766
2937
8134
5888
730
3301
1273
8890
8635
2118
5805
3782
6514
1629
7265
6852
11
6209
712
4438
4406
995
8453
3965
6127
8739
432
8267
2109
2482
5196
9865
7503
124
4066
9708
9724
6767
152
2315
1637
6751
2420
3358
8673
2185
4912
8568
7245
6860
1496
1037
7443
8717
2718
3412
5865
5014
4062
6734
1198
2170
5711
1071
4346
1638
6692
8984
2900
627
9884
9008
9521
4359
6530
8742
6565
3510
3697
5440
8995
4774
6694
8521
1748
8241
850
9766
6622
9997
7841
6401
2787
6188
6556
8642
7808
6831
3343
3201
6438
6708
195
31
1162
118
381
7513
9945
5935
2785
2309
7197
5870
2140
1887
3784
6276
9099
6035
1515
8354
4678
3649
4888
5899
8310
3484
6219
7329
4790
3366
4337
360
8413
2226
7884
5350
4585
333
9153
12
9883
2637
4809
5881
4427
7075
5340
3225
4283
9829
262
6501
4251
409
1252
2464
7078
228
7488
6982
7586
5093
7619
1787
5896
3500
3145
6044
6491
1977
5282
4376
9389
6970
4161
2218
7146
7319
9430
6525
7809
2229
2433
6075
6805
8922
8803
4601
7914
8352
2079
7618
2046
4541
5802
679
9314
8344
7311
9092
9367
8582
8638
6461
1167
3962
5117
3040
9593
67
4257
6069
9504
349
2448
5480
7201
2380
2128
1082
4908
219
9464
1209
5197
1951
5389
4473
978
1751
682
7
5680
918
8494
871
2100
4246
8734
8034
6313
2967
6300
6435
8037
7115
6259
7020
6483
2192
1335
5187
7504
7355
5721
6421
8143
3551
6070
8715
7794
3015
7478
7148
2946
5073
7061
7428
9391
8300
8570
8539
3445
2793
5609
342
7655
4042
769
2598
4612
3722
2466
8211
3951
541
6968
9318
1755
1348
5097
1699
3638
2114
2400
2884
6202
4769
3132
5837
5060
8273
8971
1923
8683
1122
5641
607
2842
4530
2595
7183
2122
1053
1251
7133
7203
4653
8157
4345
4005
36
8015
2033
5658
2340
5987
5447
473
7294
6021
1582
1833
7589
6715
6753
3023
7716
5361
2957
3747
952
6260
5432
6865
9470
1703
9027
5976
6731
3929
9013
5244
4032
9816
1593
5501
6096
9635
1987
5092
5941
5631
5151
1758
3569
4413
2428
7629
2081
3305
4030
9653
6983
9928
9214
5357
1138
4034
1649
8244
5695
1628
7518
2910
6169
3916
2979
494
3659
5436
2973
9240
4469
3519
6817
7483
484
8254
2929
4295
2790
5237
2590
9673
8994
6654
8382
1361
9199
4619
5127
2058
8130
255
4980
4837
6224
838
2504
2169
4942
6893
8847
3400
7653
7692
5404
9443
2869
8425
9032
8787
7333
3195
7026
8637
723
465
2746
2902
2036
8879
3315
9590
5663
8231
5438
8944
5934
7267
8953
3841
62
7594
3232
8809
7142
7688
5302
4405
8826
4006
4292
8457
1612
4526
6774
7400
9876
6571
9410
4291
1806
9765
8423
8818
290
6132
8148
2479
197
3874
2361
5134
2892
9336
1588
7370
2491
630
4906
8774
1260
4197
1127
5734
3671
4011
3164
6406
7422
397
209
4243
5633
5148
3674
640
4594
454
3584
3019
7745
7940
8700
4749
8462
2034
7723
6582
6948
8931
119
3998
7384
83
3633
4902
9657
3470
500
8222
5646
6586
4520
2364
3911
9121
3628
5397
9479
8057
7988
884
8830
5770
2798
3188
9125
2239
8227
5002
3321
147
2912
1024
3415
5051
4418
2625
4518
3969
9648
8122
141
1820
5429
7842
8581
5420
5507
1772
2161
8927
2383
6494
4629
9170
3398
9571
1781
3311
2142
5136
5946
7481
2108
2750
827
3796
1620
9278
8878
6744
1041
2403
4328
7897
7576
740
4961
3444
6134
4313
8703
1190
353
5297
2281
3852
3185
3677
9131
3020
1382
3215
9108
7002
6698
9408
864
6592
9483
8564
6737
9980
9338
4516
9756
7946
3819
8954
3927
1445
5113
2113
9431
7477
8282
1032
328
2868
7582
446
2899
9738
8815
3932
6031
89
1189
6759
1109
779
5496
6703
4891
1143
6855
5183
7621
1015
5072
7672
6485
6854
5476
3419
948
4876
6782
6257
7192
4692
9236
4827
2730
8365
3390
8747
4353
595
4606
9623
8099
3177
6405
2327
7012
6625
5806
617
6541
2294
9128
2547
2304
5628
2513
4587
8287
4723
3865
2436
2543
243
2220
7958
3016
6040
382
5908
2349
7100
3037
1767
9518
2378
177
9830
4510
3787
8402
2867
8989
7541
6542
5431
1136
7602
4306
3244
5472
1976
8573
5017
6160
7337
3753
9523
3029
5653
622
3581
9780
8193
5632
9691
4560
6624
8828
7024
4512
4490
3095
3102
5430
5707
9936
3650
619
8702
3543
9390
5999
6499
4234
8781
2609
852
9071
7464
1384
7003
6585
8039
1805
4813
6382
5125
6253
6702
2393
6511
6391
9933
2348
3920
883
5990
5156
885
5970
2214
9904
7468
4768
6337
5226
4038
6953
549
1290
4208
5665
4666
8016
9939
4564
230
909
2483
4562
3404
1904
9215
7913
8471
5759
8644
5384
4572
6235
4597
4492
2112
9831
1222
6576
1519
7722
7486
1973
4682
1585
8903
10000
8846
4746
2434
5508
9306
6710
5028
6835
3160
2704
5299
9783
602
7001
7447
4868
8361
9759
1840
9810
6234
5047
1396
8232
4491
5077
7062
7328
3779
5588
2014
5682
2670
8788
1963
8807
3480
86
8266
3541
5008
604
7231
6566
4543
330
4652
1511
4052
4125
8215
560
455
3083
3096
9998
1537
8778
2964
7971
6756
7150
1596
1482
9538
2397
8239
2913
7473
7603
2023
2399
5614
8204
6163
7981
1614
5414
6545
1823
4112
6430
6287
4110
574
9925
4304
2008
5499
2703
9043
6956
982
6569
5031
5349
6555
9487
7600
6041
6407
6275
7628
9046
7778
7712
7465
1827
7287
1553
6439
2866
2567
4536
3994
6090
3365
3373
3686
9532
4344
104
6834
2076
9664
122
3416
9120
5753
7147
6441
912
2301
6450
9827
6724
2836
218
9813
2970
293
6804
9244
7647
1822
5383
6274
2147
5528
6245
2111
1604
3652
4636
3942
6573
8891
6972
4003
6941
1459
5218
7757
5502
457
4936
2328
8089
6237
7682
8008
4574
8341
5253
3335
1668
7715
3524
8332
985
4425
3230
4470
960
303
2091
2084
7098
961
2028
4409
5989
1485
5492
959
7122
5057
1740
6803
2885
4395
4286
8205
8465
4101
1202
2343
9778
639
3877
4812
8301
7288
3710
1836
5902
9784
8782
3773
5531
5647
5011
3561
2292
4941
5702
2458
6798
7867
1385
2119
1283
6452
9323
3928
4096
2148
6062
9059
3560
1123
7758
2981
9063
9411
3304
2130
9172
4100
5593
7354
6002
4951
6933
8129
5102
8790
7783
4351
8145
2626
1214
6446
5623
7611
3570
7555
8972
2224
2532
4955
2247
325
29
9224
8286
1785
6980
257
4416
110
2344
6403
3730
5385
4369
2924
4258
3313
7833
1050
9300
2690
6653
7700
7751
2905
5462
6205
8072
5640
1021
6448
5394
5489
4515
5799
4171
8612
6025
8997
559
7765
7262
5367
7411
3005
7669
196
7792
1199
3086
3804
4115
7571
5468
7021
5333
9918
5735
6934
9737
4393
5521
8225
1243
2845
428
2022
6870
5152
385
9258
4343
2977
2552
2694
2092
778
2863
2477
8419
5574
1089
1877
6129
1124
5649
7907
5052
6819
4360
2102
5228
849
8776
7365
7866
9243
3125
8598
5110
3538
1980
2000
1059
5844
9385
4176
787
9089
9807
5978
9519
2601
8297
3556
9582
8338
4098
2757
1014
512
9191
4931
590
1856
1807
8019
7179
3025
5774
9197
8917
4823
9859
2284
4431
8839
181
1417
7080
8252
8172
9058
390
4441
1040
4770
5004
6909
5259
5042
4445
4651
9292
6643
4472
5703
2566
1244
6743
415
9703
3656
1168
4764
8870
2468
4398
5160
5983
1132
8280
7501
123
6078
5992
9546
2004
3498
5078
1374
5543
737
6832
3314
4686
3158
7924
422
1187
6475
7042
5562
5098
8710
8374
7902
8820
2656
130
3501
1841
383
2675
913
8191
4198
8832
6830
5493
1467
4432
8337
6022
4724
7325
1489
7140
1920
7565
3597
9611
8101
6460
4633
7720
6311
2463
4643
3473
4411
5241
2631
9576
2652
6412
5334
9626
7426
2024
384
528
4578
8563
3606
2747
3035
947
2535
9669
7942
5019
4318
8910
2002
3740
3043
7519
4166
5167
5401
3566
2346
6605
4656
8597
3847
2537
3246
2846
2444
5026
9663
9295
4022
542
782
2761
6095
3634
8843
6255
5380
7129
6428
9868
1487
3441
5036
6836
7454
5375
3338
1906
1658
8617
7427
5258
356
1942
3554
4310
2418
9895
2338
1921
9717
6513
5417
3434
8869
6590
9732
4649
7238
4654
7449
6903
9889
4573
2672
1696
1992
151
4397
1230
4010
696
7155
3817
1717
3151
2251
7470
893
166
8404
4982
1745
8299
4859
981
8727
8965
2606
2688
2198
8908
8525
1826
6529
8229
79
4219
7676
6097
621
5186
211
504
5000
9612
2877
632
3878
1064
4240
1927
3461
1272
2215
6266
9908
2805
2384
4262
2642
3275
8682
4616
8540
9727
5857
8223
2324
8043
880
5264
4031
6174
8758
9815
4919
9003
922
4193
6856
176
9249
3893
7275
4617
2545
5087
4196
7266
6301
3420
5792
5455
9879
3732
6563
4538
611
2356
9017
3129
2480
3938
3349
5233
8119
5188
1734
5058
868
2440
8851
2181
1312
476
3417
8653
2043
9024
2804
8651
6824
3693
282
159
9193
1247
3310
5003
273
4229
649
2413
3536
2530
1117
2822
1218
4057
4143
3469
1126
1313
5750
6962
2451
5062
8238
6171
8659
8055
3074
9351
8709
1623
1263
1579
6265
9583
6883
1183
357
6733
6066
9621
895
7927
236
3840
717
1092
297
2415
3265
7872
9183
8459
2252
8051
9399
2770
5273
7171
530
1479
4937
2500
6139
2943
8756
2331
3724
9007
5625
2042
532
8234
9762
9811
8577
5984
92
2318
2654
9221
1780
9912
3289
8458
2833
7558
1391
4188
8111
3547
9885
5013
6664
223
5294
8669
5126
6845
2015
9366
2997
8654
6562
249
2510
1416
3190
5572
9148
2447
7756
9377
3857
3248
3803
4742
3377
9252
6721
294
9272
1182
3587
4147
9804
1362
3065
8964
2345
9704
4025
7064
4500
8198
4996
9746
6628
8202
523
9726
7448
3344
6206
5298
9592
1970
1738
3981
1065
4315
8731
3139
8147
5868
7525
5772
8378
4726
1160
7251
5424
5921
9680
886
4997
7401
4804
1527
1484
6557
3586
1291
8112
1783
1341
5966
6886
3014
8188
9905
3894
3558
2027
413
1831
7230
398
8868
2558
4368
4333
332
1662
7119
8952
378
9554
4707
84
531
9636
8663
8844
9457
8548
9622
4083
8446
826
5378
3830
1869
8530
3011
9180
2949
2335
4401
4296
9587
2816
503
1988
8053
5319
5262
636
3357
7252
4008
7949
9315
6142
5602
3176
3106
507
9270
7761
3048
9598
996
2173
2802
506
2526
8849
8610
4932
4756
4396
2577
9991
8336
5869
1716
7009
3694
9195
8607
6994
698
3531
675
4602
9710
6930
9035
4390
5542
9165
9520
3860
1101
7556
5717
3846
9298
9210
3059
8777
3038
7437
785
9223
2714
4771
4317
9799
4113
1736
5809
9141
7065
4603
3800
6112
9124
9256
3976
5546
3041
1453
9460
2781
1099
2619
3737
417
8559
2922
5715
1235
9090
6166
8214
3136
5192
899
2578
4717
1741
2135
5498
761
3669
3197
4698
9082
1366
946
813
8329
6656
5803
2797
3887
2473
2073
2255
930
4735
3194
7281
9985
2334
6472
4040
8557
1843
4688
874
463
225
3635
1447
6621
9114
2116
1901
999
2037
8363
33
239
1337
3750
6788
5406
8556
8749
9248
1353
7167
3838
7451
6058
6735
9421
8495
9723
3147
4988
5291
875
1999
414
1552
7793
2044
6785
3842
8345
8450
7540
5326
9453
7060
4979
9257
3226
7416
2236
6681
4566
9534
5491
6131
7592
4661
3676
7058
4503
9337
4534
3979
1044
6357
6390
6944
3061
2712
3535
8587
1710
102
3946
776
7114
7960
5305
403
4442
7810
8347
9186
8181
1180
1855
5176
2012
347
8736
5055
1148
4821
9363
4123
4591
8622
9588
4691
1587
5086
9541
6455
5477
5040
96
2553
8002
8906
2087
6193
6646
8856
2575
4316
5850
7825
9242
126
2908
9155
3052
5563
4918
9901
5972
8732
7271
3387
2431
9840
8376
593
3355
5118
4856
5727
9857
5882
9499
9094
919
8364
8586
1175
5617
2376
4838
5363
125
6227
9362
5773
7706
4449
7721
4067
6739
2829
7236
88
6799
1912
8258
248
5089
1333
614
1054
4780
3047
1241
2078
1114
7746
191
3259
5948
7755
9478
1079
8840
8825
3430
6482
9133
8755
1975
5832
8523
7691
9037
6417
3309
6296
690
2767
3654
8407
2238
9841
554
7076
6891
6014
9424
8606
634
258
3391
3268
322
1919
8247
8033
1607
5752
8532
7165
2363
426
7316
7883
5604
570
5023
687
5352
5278
2263
5308
1051
5284
2048
914
954
4775
6971
1559
6128
6057
1835
729
4152
7436
4036
575
2839
1530
9079
9790
5988
9528
3348
1956
3648
3322
557
4027
9346
2524
2725
307
475
5146
5067
2117
8649
3913
9501
2871
1410
4378
6273
2927
577
5655
3899
2742
9011
9757
8245
7911
7138
4727
6614
6596
6199
9397
3704
5744
4272
1765
7305
609
732
6996
8578
7388
3156
6671
3993
1872
3076
3786
2137
2385
9996
5170
4299
1816
9326
9627
6684
3882
6309
890
2588
1456
1439
8585
9496
365
9634
2265
103
1793
9515
3791
4212
4893
1025
5270
9462
2687
8693
5909
9512
6221
1747
3162
6540
5847
3532
4551
3582
1390
6431
6583
1824
5654
1683
2362
2644
1058
4595
4824
2141
4141
1387
6779
8093
9398
1642
1158
1636
9760
3003
4894
5957
1536
789
3949
7153
1729
5716
6444
6839
1413
451
1269
210
623
7869
5796
9803
2576
2791
3955
2886
1690
1346
2191
6173
133
6969
6141
2932
5254
984
2257
4018
9113
7650
5157
2163
4494
9394
2300
1989
2664
694
8068
5064
4580
45
5630
5043
4256
8438
9543
7591
1727
3437
5854
1172
1177
6693
6997
5088
9747
231
6905
7892
4426
7499
9763
8004
7885
520
2240
4104
6919
2146
4960
3424
1910
9676
9354
7015
3636
3533
1891
7292
169
3438
8484
2700
1111
1096
3448
3802
2707
355
1568
8765
3399
8538
1766
1356
4721
1367
6108
4355
4093
6849
7452
371
7537
2920
8875
3426
7097
5956
4981
3105
7459
5015
3601
7253
8898
9106
5763
1507
3054
4741
5255
1107
1409
5657
9513
6306
6144
4358
3063
8687
8735
54
6239
4703
6182
8916
2591
3855
3155
8400
1266
8763
5740
1208
456
8487
1296
638
6074
6720
3407
2989
8045
3393
7707
8991
9882
9782
3091
9983
1862
9570
1961
107
916
5364
7367
2844
8926
4424
7334
1761
2673
493
7500
1240
9493
7300
9472
3282
8288
1784
4320
214
8322
8779
7681
3097
1775
4394
5495
7826
4748
4630
5434
5306
5459
6662
9880
1576
7613
2917
8810
6637
2176
2828
8126
2613
1075
6043
3117
3971
8216
1930
2205
2668
7972
587
1011
5063
1959
5598
7383
584
8379
1541
8696
8827
7156
6564
7812
1605
2082
4361
707
674
4167
5522
2193
4535
7963
6939
2936
8930
5433
6292
7671
7296
6451
5950
1900
491
4237
346
2904
4665
9365
8646
4529
6952
1274
2317
3021
934
9211
9231
4732
8355
9160
7642
1682
7455
7169
4131
8192
8877
2186
6016
4663
173
2010
9202
1458
164
5318
950
7406
6887
6113
7674
7313
5119
1759
4964
1365
4063
127
3263
3885
1286
9348
8565
1188
8658
5449
4435
8627
933
1903
6550
3766
5235
9597
7099
3144
9921
6611
1141
5722
2055
2624
6076
8063
5503
6568
7822
2481
4568
2632
2629
3871
8985
5739
2235
7308
6295
8629
100
3281
4094
4172
4895
7731
3300
7067
7943
5540
8485
3713
3087
9056
5552
7978
1685
7803
1282
7397
5085
7019
1673
2212
6780
6975
27
7131
2456
4565
9057
5668
2716
1782
5677
5733
4641
8007
3516
6895
4122
3739
9274
1724
5567
4777
4579
8350
1007
5943
1221
1301
9382
3285
492
8515
358
6145
5944
4621
6326
746
9447
6709
4339
6575
2416
3832
7070
2505
1120
3233
9360
4079
4190
2612
3517
2460
3987
8893
2763
9150
4404
4759
73
8979
9048
6826
9625
389
5907
296
7237
3917
5371
2155
1176
843
9050
8315
5323
1801
215
1663
8479
1894
5947
5407
9255
2125
2955
8720
5582
1006
7704
7998
8976
3069
6647
3486
9789
9585
8681
8052
4179
9305
9388
9715
9126
1889
2067
1426
2546
7601
8858
2759
2604
4092
5053
9651
1435
3182
5807
7278
6053
7467
4354
8725
4965
5123
1411
5826
8504
3115
4
1020
1828
9833
5219
8980
5463
2958
1524
1870
8096
8220
2332
6527
1008
8312
2832
6218
4925
784
4370
7820
1483
818
6561
7463
4736
1326
7845
8430
2963
2788
9617
3356
915
7561
9716
6979
647
6241
5103
3706
1871
3914
299
6411
7233
5922
7180
6073
7043
6742
5843
5816
6960
3814
1205
5845
8817
7341
2762
4383
2771
392
9083
2982
7158
7668
6454
42
8902
4681
9660
3234
7905
3084
7666
5996
7446
8098
2681
1548
6361
2765
2165
8791
9561
4972
2227
2347
9834
4228
5699
5967
505
8650
7033
5829
1684
2452
4485
8609
9793
2935
5979
2151
7974
2248
9986
7103
74
7415
5726
8271
250
8133
7928
4664
5070
5931
1669
2754
8348
9794
1602
1810
1743
2337
8652
7229
8251
6380
2069
6931
2674
6359
708
9204
186
9134
9729
1063
1915
8054
5293
6105
1746
2956
8859
2286
1497
5248
9217
5320
4293
8460
6908
8375
8950
2777
394
9572
7157
1016
7424
7996
1995
6797
2394
917
4118
2540
8711
1914
5263
9311
6116
6453
7903
710
3588
4635
4814
1042
5080
7041
8325
9192
9808
3990
4444
974
5229
1421
6052
4948
2312
8212
5619
7175
1070
1868
5265
8591
2857
8697
2965
3647
2655
6850
445
7120
7625
4904
3549
2150
9312
5290
7182
2350
8668
3963
1213
8017
4899
2352
3028
8381
9428
2365
1707
2517
60
1858
9839
260
671
579
9198
3064
1357
9
5215
8915
7935
8794
8385
3884
4232
9740
4954
572
337
6841
2179
279
6644
6481
9420
9414
7088
2158
8005
7798
7336
4247
3374
4880
6770
979
3476
911
5109
1036
1027
9466
8914
2244
474
3545
5953
811
6236
1146
4672
6086
6426
5330
4865
321
5250
5131
5820
7291
4788
3451
3931
8981
3033
9767
7770
4962
7789
1379
9023
9966
2020
709
5165
5578
8600
6816
286
6321
1493
8527
7419
5076
178
3010
5706
3552
4298
6463
6897
401
4241
5903
4054
7069
9065
1490
6137
7485
3709
8475
9658
7491
2153
9387
7395
6558
433
7413
5137
5081
1495
1929
4968
2760
8704
1591
6204
2492
4357
2701
5046
9687
9446
7595
629
5892
2966
5749
4957
7821
9178
6594
6813
9579
9073
4907
8835
9097
1943
2792
635
2074
9112
4933
7323
6060
8636
1045
9563
3997
678
1340
402
6353
3907
5731
3179
1419
5603
4667
2870
3099
8594
6598
3953
272
9502
8256
6812
1558
1405
2339
7585
1627
132
8156
9297
9628
5139
5164
3859
9832
9733
7332
2953
8757
2611
6615
8928
6004
2083
7529
9233
4086
4419
6963
3302
8108
142
4496
5860
7564
653
9640
3610
5239
8285
3550
536
5800
3808
7145
370
3204
3320
4156
5853
9694
2796
2136
751
5423
4745
5672
5483
3143
8518
8410
832
8707
3042
7516
2250
2608
1239
7735
2123
8109
596
7298
8316
1302
2596
8209
2298
2809
1542
8800
5876
7701
8641
7028
9342
1436
8026
4375
4843
3522
2120
9714
7623
2501
9910
2266
2565
4102
234
8291
5413
2520
254
8750
2861
3778
4950
9522
4673
9860
3330
7605
9110
9296
3276
5272
8874
4210
2390
9373
50
8819
9695
5337
2998
7425
5469
3922
3716
8061
7290
58
8187
310
3988
175
5728
3372
7207
423
6177
2627
8554
3870
5559
2960
4944
1150
2614
2744
6436
794
2778
6033
1347
6947
7116
7861
6286
3485
4527
9667
7799
1195
8862
4989
4611
5862
5481
168
861
5204
6958
6214
8333
4082
9649
4211
2172
240
4690
4225
7195
204
7925
521
6874
1551
8349
5797
7361
9558
4975
8437
9578
8698
2274
3617
6992
9685
8955
7510
2677
300
9907
3816
1428
435
5505
245
6183
971
9044
6825
1380
6111
1794
3563
1171
8848
9565
7846
3381
7523
8801
3619
9441
1513
6915
1852
9999
8772
7781
2605
6437
6775
9867
2039
6281
9396
7149
1677
8708
3456
2569
3439
5775
9977
2216
5184
2489
9357
6397
2729
2635
9898
7643
3183
735
6945
2139
1708
1750
1611
7847
7461
3715
7742
1885
1814
8823
2669
4493
642
9934
2799
354
6559
2316
646
2615
2402
2516
3502
1689
7545
3576
4976
21
8185
4725
768
6712
6714
1859
1503
1300
1715
489
2154
2820
6147
9018
5368
6880
8665
1003
881
1281
2827
2080
4715
9169
2531
1233
7832
3872
9283
7394
7047
3672
7936
85
97
3009
4729
8555
8982
1913
6459
7322
5261
1538
7864
823
2375
9604
835
9164
3862
2166
9361
1879
9722
718
7580
7154
4255
8058
641
9861
7729
6688
7610
3873
898
2685
2879
937
3347
8398
6619
6645
6986
5530
540
9871
2486
7379
5867
8201
666
5445
545
901
7380
5201
9614
6349
6690
1665
2794
9132
8240
8983
447
5374
285
7806
43
2881
5208
3655
4598
3126
2134
4381
4488
1659
5974
7850
3245
4992
882
867
2275
5864
9930
3991
5048
460
2996
20
8764
8416
2758
4695
1061
9077
8491
5083
2467
870
6755
4059
8962
316
5555
5815
3367
5600
2893
4073
1035
747
5276
513
1700
5243
8714
6489
2325
589
6213
7363
1314
2032
7542
4506
8872
2541
633
3923
1280
3351
5526
4254
9080
5558
4047
6157
3475
1954
3850
9817
3103
9028
6328
543
6500
8933
9929
4206
6331
4170
3270
5729
1944
3277
6616
8662
8605
7567
3591
8452
424
8330
1151
55
3443
4504
2490
9012
466
1242
6458
3939
9607
9143
4517
9440
9693
9302
9412
2478
9514
4107
676
2313
136
6959
1521
5973
6617
3844
1890
3616
7215
2776
5691
7593
5607
8519
8909
32
8326
6553
150
4861
6404
2031
5938
4130
9601
3801
6807
7493
380
5730
1034
3251
7805
5510
2930
3682
3481
6098
6443
2971
3212
7644
8655
8824
6925
5006
1022
6660
1060
1074
3108
9818
221
6740
4533
8199
49
2938
9135
8100
8496
9736
4528
9750
8170
3116
1850
6552
2648
2040
9355
4412
3169
3590
5971
7410
6921
3967
9152
9455
4214
6289
5313
8845
4439
2856
6126
8625
2853
1795
5575
5814
7514
538
2064
9454
8996
4920
8579
5587
2437
9166
9047
2544
902
6449
7726
3207
444
6502
7125
3296
6056
3678
6988
4423
705
4332
6140
2382
4728
509
7711
7046
4075
548
5461
8071
6574
2411
9213
2421
6718
2616
2268
1262
724
6479
685
4970
6270
3933
5387
7857
8235
4806
1902
2860
4547
5669
4012
5168
9490
4099
9872
1615
8596
8761
6827
2289
2978
9742
1531
5577
9416
8576
8737
7177
3895
3447
3017
148
268
9500
4897
5246
3575
9093
2484
9616
8313
9967
758
2983
624
6749
1768
6294
9418
5105
6089
4180
7340
2586
9406
1350
1802
2061
6046
4973
815
5533
2439
6125
4706
3707
7174
4399
6822
2581
6055
7022
7315
2942
4508
9753
434
4905
8268
3459
4105
5982
98
8029
806
2342
8144
7239
9074
658
5358
7877
9705
323
233
5365
1692
9350
5190
5954
5523
1556
6038
1893
7139
216
3142
3960
8925
3810
6191
1853
410
4144
3898
8766
6102
4290
8841
387
35
6148
9690
4340
3880
9605
2854
7795
9004
5532
4183
7713
143
34
8318
9427
5379
2006
1085
9225
6164
9486
2200
2882
6317
1701
6657
9227
3646
891
1778
6303
61
6032
2178
4218
7360
3242
5697
5880
7985
5606
3940
1164
8728
8753
4231
7886
4284
5202
6752
6719
2401
8769
295
3843
6246
3867
7490
5898
9510
3598
9465
8396
1789
4058
1451
1523
5504
319
9324
1540
8508
137
1754
1163
5400
4260
8719
6063
4569
2333
4714
1917
7849
3723
8947
9105
9021
5626
4263
6231
3383
1630
691
9378
2621
3468
9559
2495
6323
1330
7005
1106
6471
8200
6522
8974
5581
1866
5913
3450
1292
756
5281
5391
9964
3291
7256
6344
1073
3460
517
6027
5452
857
9422
4784
8196
6378
748
3594
750
1477
2617
8524
6546
1355
9893
2003
6447
3585
3199
9254
1196
63
5667
9837
3890
6879
8358
1431
9556
6551
1884
6847
3331
1369
6612
8152
8744
5767
2719
9107
1621
5541
618
1882
2638
7527
9054
270
7284
1675
3901
7817
8957
3413
4213
1842
1881
2972
8436
2907
5467
5500
3812
5388
1048
837
9179
6478
9851
1730
7752
9602
7937
5506
5450
3328
5591
7657
9072
8289
4810
1603
1899
7708
8592
1349
7243
8497
1206
9836
5091
5589
3892
1651
3224
2818
4826
5128
4363
1925
4801
9897
8077
5580
8913
1033
3189
8723
4998
4127
4916
6773
3071
6538
9078
3345
1169
7204
522
7855
4089
3494
5894
1647
5191
76
7990
9557
9662
6993
9168
4275
3172
1170
4002
6554
2784
6741
4782
9761
1299
8626
573
5937
2550
8009
9881
6050
3124
3770
4689
198
6410
1819
6398
5569
6940
8969
6387
4589
9287
1500
9866
9721
4121
1664
44
1145
5764
269
8537
2715
4699
8081
944
7432
3431
3070
2743
6955
1874
9450
291
304
6034
1320
3718
1129
7551
7083
6885
3101
8335
7092
1770
802
3702
101
7261
6077
8140
4739
5300
1121
6374
796
7420
5001
6632
3559
1144
7225
4940
4781
5917
8978
2706
7934
3458
1494
1210
8829
5901
1876
5620
1466
8713
863
2453
6924
6186
9529
2443
5427
8701
8660
350
4456
5399
4162
4097
9461
9951
9610
6440
972
8580
1192
2369
2009
9307
8409
128
5020
2810
8551
9407
6238
7916
5670
3464
4446
8783
3388
6340
2731
8476
4779
7441
8883
3006
7405
3239
4499
2126
5121
3507
9956
5458
5345
9485
4173
6020
6338
4367
1525
4207
217
2314
3613
9467
581
5309
9508
8671
8470
3067
5975
7066
5904
8942
820
6699
2099
9728
1505
3098
5573
3685
810
52
3371
5369
951
4160
200
5325
4511
9237
1520
263
145
4758
4969
4928
7973
7577
9503
4850
22
7418
163
1185
6509
3903
1680
9842
8248
2253
3401
1918
5315
3279
6375
5833
9156
8377
5090
1029
235
3681
1351
5755
1323
9268
1688
8367
2873
8900
3193
1441
8080
2891
9364
6814
2424
9688
9241
9053
3262
116
3175
87
1406
1846
2457
1271
6587
5307
3831
4762
5335
4519
4675
9942
6601
6190
8960
3327
8517
9580
3692
5479
9216
3211
8690
2801
6377
5162
3651
1389
1577
8571
9482
8138
6409
1294
8501
140
5590
3394
6673
4592
1667
3128
9954
7091
7656
1254
1480
244
8510
1595
684
5153
3110
5274
5347
5108
9369
4477
2272
9308
765
7093
7037
3915
4137
5482
8206
9854
7223
6543
229
9725
900
7900
4498
5889
510
1316
5435
6457
5056
3564
7032
9226
7837
2901
3205
468
4609
6984
9201
8873
1311
9674
9343
7276
351
1066
5725
1399
1634
7385
2584
4278
2396
840
3603
7684
6240
2029
5766
5275
192
2487
8319
81
2585
2370
7368
3376
598
8165
6336
3875
1137
6360
3454
9381
7055
1728
6772
2570
5205
3897
4799
2101
9246
1693
9184
702
6704
8303
4342
5396
8798
3837
167
3711
3789
8743
9116
8920
8132
5595
7094
4539
741
5851
6232
7754
4164
1979
278
2775
6606
3658
8442
9439
6298
4014
9448
4967
6348
7208
6271
2157
6745
7517
1308
3414
8257
4264
9684
1969
6747
2234
660
9769
7637
56
9489
9138
3280
8308
3228
9785
1726
9076
7515
5471
9650
5671
5991
2976
9892
7460
2847
6861
7433
5106
9870
6815
9030
1996
6896
6179
3999
1083
9333
8221
5159
1502
1845
4577
6352
1265
8780
4586
2133
4028
8242
940
1950
1940
4559
7135
3781
5597
3768
7264
7279
6665
3090
4466
752
4716
6730
9961
3568
9730
4045
8785
9142
6381
9748
8388
6532
7581
8911
9551
5824
8064
185
311
2354
75
9873
2149
7299
6324
5712
6339
7381
5879
8339
701
2241
7534
8729
7944
162
3573
809
4815
1681
1338
6167
3506
4108
7084
3022
7090
7374
4462
9972
4178
2330
171
3821
8924
4455
5579
2217
280
7880
7469
2407
7609
6623
6626
5453
4684
9654
1722
7194
2968
2182
5705
8040
9642
1646
5838
8304
3719
1231
9805
4583
9139
3759
3736
6976
8327
1219
189
3184
8480
8854
4966
662
8640
8678
2221
8863
566
7921
7763
5112
1948
348
4956
9731
2528
7661
4142
6795
5448
1966
5161
314
2862
4447
2427
6951
3891
9149
2
2285
3984
2271
9869
567
6609
5873
1412
2919
7876
5198
5986
5768
6180
4674
1952
6537
7818
2800
9915
9444
7945
6254
704
7743
1442
7364
7170
9359
1343
1800
3462
860
9118
5781
4785
1624
854
8988
7249
9752
6506
8343
6523
28
669
7583
112
807
3395
9173
7993
8066
2068
6247
703
2782
1318
3537
3130
361
3505
2184
2245
9886
5069
5821
743
9127
3325
8643
4835
2583
3756
773
7899
1883
8050
4561
5173
6695
5643
2849
3637
9573
9349
7350
8158
1105
9990
9096
2017
7218
247
6848
9087
4924
5422
7894
8929
5918
2152
8103
264
4911
5746
7176
9754
1432
2282
6711
1178
9230
5608
7034
6005
2423
8091
6658
1264
9130
3757
5373
5858
4366
6894
6677
9475
6685
2667
2201
2441
8941
4523
4044
5627
1960
6579
2461
3202
5693
1776
1261
5356
8536
9104
8184
3622
3024
7507
5386
4581
3026
9207
7108
9909
805
4128
3526
983
2923
9524
6898
4140
9791
5812
3783
3548
1098
721
6081
1093
8025
1544
5033
9111
8117
2556
3944
8881
3905
5130
9935
3278
6117
4471
3742
496
2724
6136
344
3910
8074
4645
4900
1186
888
2160
3350
8860
8837
4300
6047
3286
3948
373
5638
4795
4377
2751
8210
4479
3324
9239
6223
3221
6985
277
5969
2806
5825
3688
6356
482
9853
8230
5885
4078
8197
8028
1473
1880
9266
9476
3359
224
9275
4659
188
9045
9117
3752
7124
7539
9393
9801
3539
7399
9846
1234
878
525
6663
3792
5084
4887
3072
1087
6342
472
9779
588
9639
2579
8024
4978
9902
6725
7852
339
7376
1791
5141
6809
3712
5359
2680
1838
5556
8427
6225
5022
8943
6570
3465
6184
1714
1293
3665
7303
6508
3602
558
518
7505
8431
4452
7895
8439
9720
114
5247
562
2131
892
3758
8613
8435
6114
1001
9948
6028
5155
927
3385
6363
1762
7645
4743
8161
5952
1140
1455
7777
1613
3213
7785
715
7772
1471
8448
2323
4803
1763
9887
790
4802
1928
2124
6599
4604
9549
9088
4403
822
716
1386
6416
6130
4165
7352
9471
3075
1433
5548
1135
5666
7479
1911
4071
4235
7502
7414
6088
170
9772
4017
1434
5025
2959
568
555
1328
4146
4324
3977
6641
3574
450
1854
1661
7205
9569
2296
13
5485
5213
8738
7297
501
121
4752
5403
4201
14
5268
8218
6156
1534
7678
4126
3834
4327
6910
7889
4050
5571
2391
7450
5616
1583
8178
9161
4189
3152
9509
4958
7578
5859
6252
3858
571
7984
3479
626
8492
115
6760
4599
1926
4558
9775
8260
227
1518
3406
8645
9009
6322
958
5322
3934
8237
3050
9000
367
1491
3767
6297
1295
6215
5846
9433
7698
4307
4607
5509
9896
8593
2485
1173
7187
4831
825
9294
9566
2311
8042
9123
331
6913
6302
9560
8454
5929
2774
9452
935
2728
3521
3546
4545
6518
2291
3094
6620
5124
792
2260
7306
3626
6474
2414
9555
2906
3937
3386
2551
3772
6907
1957
833
6631
2620
5534
1128
3121
274
4497
1946
4913
8226
2560
4336
9856
5673
5920
8567
9848
462
4873
759
793
1460
6843
8369
4134
989
990
5675
2665
763
3396
7791
8275
8855
3287
1702
7738
5524
6424
8534
4863
770
7976
799
7776
9238
4297
2387
4855
2104
7724
4457
7930
9969
2243
1332
9273
6946
6750
9263
6548
483
5819
5932
8357
5416
7764
1586
7096
781
583
440
8726
5801
2167
5370
7110
8468
1464
4048
8948
3666
9618
9025
1463
2450
2138
7202
5900
3186
1324
1695
8813
7272
1732
8293
335
6330
8500
8472
9434
1130
8478
7489
7089
8569
2059
6345
8905
894
7535
7039
4513
4487
9341
4181
6999
5517
2496
514
4644
8284
2969
3906
9313
2898
6533
9403
3807
9938
359
4124
6716
5724
9098
1567
8670
7690
82
369
5288
1608
404
5490
1492
1023
2231
9629
1601
3294
7008
2435
5955
8718
2985
1945
9445
6019
2850
2523
6520
5652
6512
256
8422
731
5738
6790
3299
2749
8467
3943
1354
2931
7480
7977
4039
2735
1237
4174
9458
6011
544
1990
8190
8328
6932
9205
5995
8799
5515
478
7382
8141
5101
2679
8490
692
8139
9550
7939
2381
9937
5456
4687
3950
3323
3985
3062
8634
4550
9085
3720
6977
2593
7378
3241
1104
5997
9949
3973
3565
5478
7035
931
8393
4371
4921
5339
8003
533
8097
4704
4939
3853
5621
5910
3790
1632
8998
4930
4279
2442
5411
343
7554
1777
803
5227
206
4109
3340
6602
8031
2534
9707
8463
2710
6343
7434
2430
7143
1978
1565
4840
9591
6370
7044
720
2410
6763
2210
411
3402
7871
259
4811
8529
3571
4620
1631
4329
9958
7248
706
3499
4877
1617
8648
616
824
760
8421
5071
2894
3418
7063
7915
3273
6869
7673
1626
6467
7282
6476
2127
4429
1817
3661
5211
4949
9609
7547
199
2634
5639
6613
5484
2368
6504
4627
8311
8632
5519
7408
3392
4074
8283
651
5390
1069
7991
5690
8281
8219
1018
7188
19
4892
6758
9480
7851
430
9051
8142
2841
2190
8887
7286
6418
6821
2432
5065
7077
2341
153
138
5054
3815
4266
7004
1224
3089
160
1423
6577
480
4287
1986
5662
1499
7953
6413
3218
7563
5317
6282
5804
7102
9086
5961
9477
3798
6250
4020
3295
1863
2471
2848
6937
7220
3168
9259
3214
8263
3068
2874
5685
1068
8975
6269
5848
363
5840
6310
8014
400
6115
8664
1288
3353
645
9527
5316
7779
4881
2060
7747
2398
202
7749
4549
4757
2310
5676
2475
4451
9015
6687
5344
5147
6347
184
5679
6229
5557
131
5568
9304
4056
1526
3640
9417
5099
6272
872
3256
7445
791
6723
9413
1510
637
9809
2739
8371
9159
896
9771
610
2388
9340
5822
9916
1115
5897
4087
6729
1590
2351
5050
8528
2709
2740
8107
7209
4150
9331
1418
1933
631
1204
6244
2233
2639
786
458
5958
4833
817
1076
8233
4740
2720
5277
149
2107
3332
3667
3044
2812
9368
7662
5650
7045
8414
8087
3896
7931
8784
8575
4669
2422
9940
3004
3690
5412
5360
7875
5719
5661
3440
3660
9319
565
3886
6198
9712
6468
2533
1139
3449
1837
5222
2094
3653
1618
7199
8397
2223
7107
4024
4182
5811
5497
7173
6580
7898
5135
9567
764
6639
9821
51
6064
419
336
2183
1194
5321
7121
7782
561
4713
3229
4923
9426
2950
1818
5418
2273
318
9941
2641
5940
856
1249
7453
8959
3337
1236
9600
5905
4185
470
3883
1771
976
2209
8195
3705
2254
5923
6197
3621
7430
7466
5906
9276
6603
4248
5511
7813
5795
3060
5915
1941
3250
7057
3514
5701
5981
7660
5441
8049
2105
6572
3490
1364
7257
2145
5466
9437
8896
6630
6764
429
3122
4556
1796
6823
6866
2287
8572
9539
6517
5914
7719
4117
2961
7659
7196
3046
3220
3964
8949
668
8444
7258
1599
1246
6351
1705
4347
2013
4269
495
9262
9911
6192
3921
2195
6636
767
9718
2773
6305
5045
3180
3518
847
7732
8270
3140
7497
5376
7966
1376
5473
3368
3794
1344
1528
9826
8070
5260
943
6676
1156
5332
3081
4501
2756
9787
9084
1325
7372
3592
798
8968
2208
2242
9735
1474
6524
8674
3308
3260
3957
734
3687
722
306
57
941
4268
7285
2045
4486
5408
1907
4408
3363
5177
2277
4249
5266
5704
208
8963
5049
2057
6727
5182
1298
6233
4711
9436
2302
8814
5285
5032
6350
6414
3284
2597
1227
1278
2990
5827
8473
7371
4091
2789
9006
6429
5786
4138
5911
2077
6315
1392
6889
6392
4061
6208
2187
352
8391
4428
2488
5120
3696
7638
6308
7168
4862
4697
8182
6068
851
6916
4822
1916
7663
2374
4694
2213
7016
873
4860
7358
7356
1804
6384
6964
222
8584
9419
8168
7693
3482
386
2522
970
5959
9533
5554
4000
7475
5875
6588
6875
1317
8441
2472
7369
4828
5132
6872
5592
53
9850
615
6701
812
246
8885
986
9380
1372
3293
7665
326
3605
7982
6922
4614
1888
9770
6769
3487
6661
7999
3822
2062
3774
3001
2525
5525
4157
7533
9492
8272
7161
905
7457
1103
6312
5426
7679
6210
2498
4077
8331
5016
9022
4507
5295
6469
8553
6170
3303
6092
8549
9974
3879
6107
7696
9955
3961
490
2607
4857
2555
5382
6003
3956
3411
4995
2204
7862
8506
3198
4637
6736
9330
6200
6777
7896
77
8445
241
8405
9641
1429
2640
340
7357
5594
1339
3699
7882
2962
1303
2676
2521
551
5230
3057
8461
1217
8543
8712
5209
8821
1598
7331
4076
4783
5392
6505
1592
5193
8857
2653
395
329
808
5884
9709
7429
3209
6473
7689
6341
5586
5460
2090
5769
4648
4718
8469
5514
6433
7137
4890
2678
2650
2864
3080
9835
8359
6936
1166
3968
212
9982
9157
9228
7095
4696
1403
695
2462
1097
6123
1625
5107
4626
7273
7617
7929
9151
6067
5439
5709
3421
625
2649
3848
190
6901
8307
5874
3012
3354
6333
6892
1932
6369
9415
8387
9371
8175
8590
1570
5115
9468
3196
4677
1589
6706
9773
6217
7295
9606
5787
1549
488
3527
4440
8675
4702
1402
7823
8956
9299
5145
2180
6689
3078
5551
6873
7387
8884
9181
2636
6584
772
8542
4922
7873
3227
7888
6486
7234
3982
4080
6045
6547
207
1972
6049
5561
7528
6288
4090
6837
5927
2571
2283
2360
846
1100
6638
643
6263
6477
5928
9988
605
6761
7421
8384
8386
938
4135
1081
5696
8082
7409
5200
3845
7703
157
6264
5791
3562
7775
3780
9877
7128
9755
7917
4239
9632
1469
3013
3361
7198
2705
9698
2295
9344
205
8264
5718
2660
7345
4760
9751
1672
9847
3032
5751
4542
7840
113
1149
1414
1735
1897
591
4953
9345
3708
8936
7835
7802
1788
237
3680
7392
5924
9620
3799
6487
8035
5651
7212
4352
6425
9577
6422
4858
4155
3264
4818
8429
6961
8114
2143
6152
1454
3427
608
7651
9531
4081
8544
9374
5547
8921
497
117
5813
6648
2693
3909
8550
3765
9971
9776
7462
8346
8131
1546
8806
3079
6109
1267
3178
4312
2599
41
7950
9970
6261
4889
2493
5242
920
7597
7246
6195
4374
7052
6442
576
5783
7389
4407
7458
2406
6670
3611
7508
3222
2661
2202
6519
3077
449
7053
5039
8146
6367
7317
8362
8217
1554
2305
8861
9033
5
2249
9863
2159
1378
2633
4886
405
2840
1383
203
8163
3433
4436
3428
3553
5324
8124
9545
9952
3435
6726
6042
301
6876
7010
6989
6358
5419
953
5736
9451
2386
7608
3612
780
8805
7664
6678
3312
7830
1803
1345
2975
7081
9144
6838
515
7178
6995
6143
7635
5998
2222
728
6858
529
238
4926
3662
4625
4476
9042
5329
5985
4139
9219
9284
2821
1821
1212
4773
6680
3292
4984
680
5181
1711
2470
6978
4033
7997
5185
6846
3769
9544
3163
2409
6864
4875
3703
5878
8934
6194
9581
8621
5644
4460
9282
5817
6902
738
8334
1116
9637
3146
8399
2682
3577
5287
4705
4199
8574
7786
8269
2536
4693
4767
9798
3173
2875
5342
453
7970
7301
4420
8086
3615
3051
7796
1211
6526
5779
6470
2047
9456
8677
6748
1005
5756
5962
8616
3466
4737
3743
997
2072
2733
1566
3974
4632
8939
2538
5782
3334
8370
298
9781
2727
965
7166
1002
1430
7616
5636
3695
3491
7193
9101
7741
4448
5249
2658
907
9517
4244
8207
7598
9245
3513
4004
9383
9469
3980
2232
5012
7552
3432
5622
5790
7815
8688
8876
5238
5789
4808
7553
9594
8919
7584
5024
99
7302
8865
697
7109
5142
9038
6091
6890
9303
7343
9568
3888
8380
6178
3118
2171
3254
5714
7472
3609
7362
877
1125
5891
7227
8483
5116
4509
1420
2993
2075
3
0
5683
8499
8149
5095
5949
9194
3631
628
4747
2722
2021
4605
9656
179
5301
4001
3515
7887
16
8880
5129
3307
3966
40
1606
4618
1161
3947
8392
828
2753
8447
6682
6009
956
194
2509
1867
7141
7622
9927
8360
2035
6118
1043
4187
6950
4570
2225
4230
2659
4938
7531
6030
3935
8059
5839
9796
7579
1142
2497
399
1102
1133
3255
6998
3908
9926
38
4480
9547
5292
4321
9182
2941
1112
599
3919
5674
3764
9189
6161
876
845
9286
3171
3744
2499
4502
2696
8486
795
597
4910
5835
8186
4514
5747
3317
5700
4797
4733
5544
135
4065
7521
8018
9122
8020
8027
8277
6256
2786
3868
2769
6251
1752
7056
3471
3691
7456
4348
6503
8679
9129
8520
9552
3442
2819
8095
9702
8090
3555
2465
3123
3793
3200
1639
7699
1408
8189
2404
9919
3771
3045
9624
5855
8882
4842
1981
4800
6228
5936
8745
4323
537
1304
5566
4465
1610
6466
7816
9844
5377
9719
8038
4085
4209
4311
1478
1472
8253
5611
4136
6792
9281
6791
2196
3866
9797
7074
8395
4898
8372
7994
2326
4974
8171
7495
6784
4259
15
6119
8154
4437
4555
6496
1811
1674
8180
7836
144
1792
9764
5355
4552
1193
8951
3252
1830
6794
2933
421
1666
502
4794
4051
1090
6757
7151
2366
6672
1660
5615
6493
1878
3082
3360
3422
2772
7957
1676
7838
8822
592
7933
1228
3811
7189
6150
9376
9002
4421
2921
8724
3342
2988
8353
755
7956
2175
2737
4154
2823
4250
2262
6675
5872
1562
9843
6920
2454
3141
8194
4660
4532
2230
744
4787
7492
556
4013
9862
9203
2695
8179
9671
4537
7762
5681
8812
6029
1031
3788
2056
9163
9070
6840
7615
5372
8512
5536
6083
9645
848
1982
7932
3008
6713
9061
6667
5977
2980
2890
9145
3797
1437
2984
2657
4037
9432
1563
955
2698
4844
8624
5713
5788
2914
4872
2830
3007
5777
6851
9638
6705
1723
5402
7725
1931
4484
5280
9392
5199
78
2895
377
3362
656
564
4869
7780
9196
1371
3467
2888
5660
8153
9589
6079
3755
4544
3058
966
3785
2515
4945
1721
341
4215
5963
1947
2974
7587
9005
3066
9039
5443
4658
7025
8001
661
7160
9914
4168
9029
6445
1197
7259
3455
2662
908
3689
5366
3238
3836
8937
6666
8167
7474
672
6696
6618
5723
7017
9506
5516
1030
6087
3339
3717
4662
7038
4204
3958
4392
7819
5710
3093
7072
7620
3111
4021
2001
3728
7572
8547
1774
1232
3599
889
9154
8236
1725
3288
1049
3952
2121
7979
7398
6781
4554
879
7848
7162
1095
2174
9530
5010
9947
5231
1398
1462
7320
7073
1935
582
5018
6987
8433
7224
4103
5930
5520
6882
3596
6954
1448
1860
3002
1377
8324
1938
1258
1704
8566
6122
1475
9677
5942
3138
4341
9812
6104
7412
4273
6376
1622
834
8088
9968
4763
9795
1248
4883
8630
5688
6700
2419
3157
4622
6900
1575
8897
957
8834
4023
7079
4927
4163
9665
6717
726
7718
8067
2916
9823
5194
1307
1968
7511
6155
8456
8466
1731
2425
4386
2646
5075
6006
4719
7339
2096
1360
9957
1834
9774
7000
4993
448
7244
8836
9147
65
1289
3503
7941
7280
4851
2514
2764
9386
1305
9711
1427
8021
6480
1532
3607
6318
3534
312
8390
9894
7059
4505
3625
9749
7232
8383
2507
7683
4624
90
511
1686
508
620
1203
9922
7922
6536
686
2455
8853
8513
4608
3018
7112
7788
7007
7277
4734
8373
9218
8228
7049
8562
9858
9864
9976
7106
6262
9899
7548
7753
7901
4319
2813
64
6484
3826
5757
7532
7152
8770
3983
3114
5068
8961
6249
2194
9200
1184
2290
1506
4634
4834
7366
5856
1481
1861
1939
7071
6054
5919
1440
7739
5189
1250
6669
1223
977
3824
1985
7214
8078
3408
6938
7962
3600
2897
193
8792
3729
7685
8888
8106
9137
6766
6906
5444
1998
5494
2645
3159
3271
733
5178
2717
4400
939
9666
498
9261
7487
547
7023
7599
6153
7606
6415
4314
2817
9404
1253
7695
3039
777
8558
6277
6394
2779
6828
3775
5236
8676
3127
2594
1670
7986
1152
7118
59
7506
7330
9309
439
1984
288
9683
6844
108
3721
8249
7536
1953
8255
2851
7283
7954
6635
7829
8420
9852
8588
5446
8628
3714
7570
663
7874
9352
6
7843
8838
5304
5348
2568
1309
9049
9631
4414
7964
968
2683
1848
2278
5021
4582
7975
8545
9644
4417
3389
5584
5678
7906
6629
9975
3092
1535
6707
3624
9069
5964
5303
9507
4848
5686
8768
4679
2887
3945
7557
4531
9353
1962
8164
664
8816
442
1574
613
4615
1581
9633
2494
9372
154
4683
7111
105
4205
9167
6051
4640
9537
4015
4245
5470
9235
2445
2838
924
3725
1327
6124
1277
4792
9016
2016
8489
9290
9903
8672
6419
6899
1584
7324
5027
5140
853
8691
3257
5224
4068
4184
713
6515
1694
1994
1134
5203
7254
7790
4270
6868
9963
4265
6642
8203
3639
8434
8864
5810
4623
8069
6771
6242
1322
601
94
3187
6560
6820
4461
1215
7632
8923
5169
5437
3620
3941
7811
7686
6008
3053
6655
9946
5096
3805
7206
155
1159
4334
3618
3595
2320
1529
6314
9332
8411
2795
5861
6597
4816
8047
9062
9613
6158
4943
2561
6149
4639
2322
4778
6307
814
9553
5405
3995
2803
5605
2574
3760
8493
7270
1764
6151
7923
9511
6082
9327
4227
261
6379
963
5428
7498
8689
7117
4584
6595
9993
1712
552
5993
407
6627
1094
1359
8428
8302
9960
2412
2564
5082
334
9630
2106
5144
2651
7172
7677
648
8418
9838
6268
2807
5037
7543
1849
6800
441
9878
4035
1443
5612
7687
2276
6935
6634
1892
9234
302
4151
771
9491
2951
2628
5122
8443
3986
5214
2878
7512
3170
719
8850
3632
6355
6393
3266
2051
3684
2876
4909
4836
9031
1936
9788
5732
7607
9019
5486
9619
5415
4839
8938
5560
5642
1733
4901
6539
5529
4281
8647
6888
2089
4914
3975
8990
6904
9174
762
3512
7947
9542
1786
481
7550
3134
1052
887
4947
9247
1678
7391
2834
2928
6243
9615
9442
8760
6320
5687
9806
3119
8488
9463
134
368
7164
9187
8169
7863
9855
1790
7878
973
7995
3992
6691
9692
2952
6396
8706
7520
5038
5648
3996
4575
9768
3930
6010
8802
1974
936
4884
5549
2189
284
1671
3235
7375
5596
3504
6365
9713
855
7828
553
9875
4878
6600
4116
3267
774
2279
819
2689
9481
1545
5398
5256
6106
8533
6495
9395
3247
8224
6877
1687
2259
6036
485
1812
437
3423
2321
8505
1756
4389
6929
313
4060
7326
3109
1297
5539
6778
4557
5286
8482
3849
6787
2303
4934
6120
4026
5550
6061
7018
2372
5758
2925
5794
2684
7417
7969
766
4709
2554
9317
9188
8526
9288
1028
3034
5041
4750
8620
2258
7717
4274
4959
7347
1334
7240
7951
1569
2780
1573
1373
8619
8831
7181
1056
8044
3902
9269
3509
862
2527
8552
5664
2429
7654
4650
7344
2449
563
3085
2371
5488
1118
2903
8013
7919
8048
7727
4338
7289
9484
1119
6385
4267
8137
4055
7312
2426
8705
1825
7085
2307
9220
1088
3673
1013
396
4364
1564
5635
9906
4169
9100
6591
1550
4987
7588
5754
2600
4671
6650
2026
2293
3409
3261
5689
949
6793
5034
7134
606
4277
6683
1400
1154
665
3375
9347
6871
8762
2529
6465
2065
7226
7730
654
5828
1336
4820
4819
7444
9328
8166
3644
4016
9310
7626
3191
4789
5341
2711
4522
3727
6607
37
6697
5007
1078
2353
5823
5656
2622
8305
2228
2562
6746
5283
681
5925
753
5465
1004
727
8136
736
4999
9849
3751
6226
5610
2602
8177
8432
9526
6329
962
1268
9608
6818
5512
1425
3369
6165
3583
3107
7987
8901
7834
2542
2592
8754
71
1010
4867
6371
7646
6928
4450
2299
800
158
3478
4738
7186
4646
8351
9659
7614
487
461
9119
8999
4349
7235
7439
8661
2926
4064
1259
4464
9052
7760
5698
70
3488
9943
9825
8680
4410
6395
6258
5035
6071
8160
47
8886
5393
9535
3472
6039
1057
921
9036
232
6402
7048
7130
6802
683
714
3100
7377
2623
655
6162
3823
2211
499
4194
412
6923
418
9162
6490
1580
4903
7634
6462
8368
7959
226
4882
3889
4761
7482
2359
5599
4668
4832
3272
2256
1508
3036
1991
5951
5252
3113
8424
9595
6789
7029
5890
4722
1616
7670
8417
5585
2783
4203
600
4252
9596
6966
8894
467
9474
3346
469
6168
2066
2389
836
1640
7404
1238
1516
2199
2945
8852
8892
1000
516
7250
3298
364
3733
6389
5234
3403
5143
6278
1276
994
3274
8583
7242
2267
7750
8451
1
3446
9981
6048
8666
3525
6346
1949
6914
309
4372
4242
4261
9285
6918
427
7844
5553
5842
3529
8775
9891
3497
3436
2476
7163
3813
1709
4303
139
3380
8474
1086
841
6154
4029
3567
6991
376
3818
8904
3161
379
3579
7127
5421
4521
1600
7992
1983
7086
5133
7769
7853
4596
317
2911
9678
8611
8599
4481
25
3762
9435
8741
4576
7801
9171
2647
7546
5808
2896
8511
416
8323
6290
5163
1091
3572
7011
4990
7890
9066
8208
7318
425
3754
1084
5684
3970
788
2306
5179
7955
3329
2991
8010
1155
1201
1971
5778
3528
7159
969
6017
5748
9222
6015
7423
711
8477
1572
5464
4676
3520
3623
1641
1760
1555
9034
8296
699
6842
187
2162
3104
9913
4685
9140
3283
5336
39
6319
3745
9739
2843
4489
3240
4478
7728
8115
3701
4294
5527
283
7349
9041
842
111
4453
5760
7136
7222
8498
8589
2502
8259
689
775
7771
1245
7980
2630
5780
5841
7938
2768
652
9965
1257
4382
7126
4133
7393
1461
6732
9206
6768
1012
2557
2049
1757
3825
9689
7210
8595
8041
9429
7390
8150
6786
2459
4712
9953
4971
4430
7471
7858
2883
17
7217
2367
9540
7773
8
1504
2858
3700
180
7082
1062
3030
1851
1039
3670
3726
8987
5634
3557
2007
7694
9814
2702
4845
7524
8261
2837
1401
7562
7269
46
1657
9646
4379
2197
4385
6283
6110
4655
1174
7804
975
5576
7909
1749
3645
1275
8945
68
7216
1864
315
9267
6927
289
1179
8516
2872
3578
7744
6862
406
9681
3627
5886
7050
9822
3904
3495
6099
4796
4175
7891
6492
5029
797
6853
2880
8320
3326
4069
3056
4571
6668
7652
3763
9828
5537
6604
4874
3073
6912
9819
3137
2446
5692
7566
8290
657
2708
2572
4200
9379
6212
6765
1955
3833
4610
5354
8967
1645
5776
2618
4642
5451
7304
4871
345
4422
5212
2692
2723
6001
1509
5362
4772
2129
6867
1422
7014
5079
8514
980
4766
6354
4148
3217
7274
6610
4192
1321
7036
2506
6949
2070
8056
2019
991
7800
3795
5645
9734
6084
6334
8022
3748
8449
3453
1886
1331
2264
5044
362
1342
95
4991
929
9586
5180
8657
3544
3149
9548
8667
3216
4119
9014
1832
4817
1038
265
1875
3978
9291
183
3856
8889
8623
9917
1381
6878
831
1964
6420
7868
612
1533
6567
5743
7767
8174
5338
869
7526
8135
2573
2011
7438
4755
3734
6101
8213
3580
3741
8684
8773
7200
9067
8973
1157
7030
7649
1110
6399
3989
9375
69
3530
374
172
3253
2947
5175
5311
6633
8125
8295
9081
9185
7967
9743
1457
5583
6181
2766
7402
7574
2379
1619
992
3511
2835
4145
5328
5895
9575
5866
9497
830
7104
519
4776
6185
5442
6012
8797
4929
4365
6133
4322
30
5830
8633
3306
7327
8415
8789
1815
7787
3364
1207
9979
4459
8602
1017
8079
945
8151
5232
4864
5171
8895
2206
1415
859
5271
4720
1165
6926
7263
9675
4846
8406
1517
7860
6521
9516
9175
327
4600
3154
3936
6159
8076
8176
2752
6072
2580
3881
1284
66
2918
7351
7920
2088
1799
6325
9978
4751
4952
7373
9280
4841
6686
8155
5659
8899
5994
6423
7658
91
3249
1375
9973
745
4224
9564
1370
7530
7709
2666
9668
3333
1739
7560
8173
8935
2954
9931
8685
3148
8408
6427
8977
7569
9251
9095
5457
8292
9229
8278
8298
5741
6023
6881
1200
1287
9525
6497
603
6810
1578
8276
3679
7714
8342
1452
7113
6859
7144
6024
6811
4474
5269
3489
9920
9001
452
526
4402
4852
3523
7631
4223
9696
904
6135
6203
266
3731
1055
8102
1009
7590
2909
3829
923
9959
1720
9068
6364
4793
4350
1407
1808
5570
6589
3000
7255
2948
48
5257
2405
3972
2745
9697
7132
4216
9574
6366
3236
7027
858
9699
7310
72
2052
6059
4388
7824
9335
8250
1072
1597
8721
3735
7040
1216
6674
2736
7431
1865
2889
964
8128
4849
5346
6280
3589
3863
3384
1857
9647
1026
1594
5916
967
6196
9190
1476
388
4202
7633
2308
4731
7630
9700
2188
6037
9584
2288
7627
7697
5720
5221
1691
5223
9643
443
8116
4220
2734
6018
4524
7221
2261
9253
23
4053
7396
2050
2721
7648
5074
5381
109
438
2865
3181
8522
106
9603
7538
7774
287
2177
3167
7831
5618
5765
5100
8279
5887
1077
464
8958
7926
569
757
7522
4546
3839
2755
1113
6806
2144
5968
9301
659
4434
1813
4986
7435
4483
6085
2041
2808
2999
5831
7484
3027
9745
7211
6138
534
9874
1404
9802
5761
9425
1773
1909
6510
2518
2377
9075
7827
9962
8811
2038
8083
1368
2164
7797
1654
1798
9264
4095
3269
8159
6488
4563
5487
910
8123
8695
4708
829
1315
546
4946
8340
9400
9320
6093
644
7912
80
7612
7680
3319
4331
1450
1937
550
2686
4186
10
9679
8733
9209
7759
5245
5220
8401
2825
2474
253
4373
9777
1698
5138
8262
4463
4786
1679
8793
993
4276
9890
7736
9672
6652
1844
2539
4458
4847
5939
2726
6651
7494
8786
1470
1388
372
5409
5279
8085
1561
2270
7667
3297
1424
8639
8912
9103
1895
8692
3776
4700
3777
459
3698
281
8481
8012
7784
3542
3675
3112
1655
5637
4391
2987
932
2054
8752
7314
3133
5351
5793
2085
4285
7006
3924
3496
6679
1046
4680
5240
6291
3397
7260
5009
7241
4132
6368
5210
18
1486
2915
4330
4963
6762
5785
7814
7702
5312
1924
1896
821
305
2986
1539
3828
9944
6279
3203
6911
1905
2336
5836
3959
2643
4326
5564
8183
8546
2355
3641
6857
7904
7054
8946
4866
6172
3918
524
9686
5251
6065
2548
9994
5094
866
9334
5217
6796
988
9449
9265
6581
7573
1279
7101
7051
5694
5933
2855
251
4325
7544
1769
9370
1697
9356
4159
1226
4362
6516
2582
6000
1067
9995
4730
9459
2610
6967
5059
6728
7596
3223
6754
431
6640
6332
5475
4495
5114
5066
3608
9329
4253
6176
1444
146
1229
8842
7348
4454
9146
4879
8011
324
4985
8932
9655
3088
6230
2940
4896
7881
5314
7307
4084
486
667
1468
4829
9989
8464
650
4177
2563
9488
7983
5893
1958
8036
213
1744
8867
1922
4158
5395
1847
2587
8084
5762
9661
9271
8796
6304
393
9409
6738
6187
1522
1543
4049
4870
308
3820
1648
7309
4120
4043
3210
9339
5624
5965
9701
578
4072
9277
1809
6649
7549
408
2603
1967
5030
6659
3290
9924
3410
4106
9316
6383
2852
3237
2357
9706
9250
3926
8601
9212
6863
252
4590
4007
6408
4088
8092
1797
2417
7710
1449
6222
6207
6103
4443
1737
7403
3031
8771
3316
220
9741
700
2814
942
1753
6335
9208
6981
2168
271
1310
7952
1191
366
4854
3243
3642
925
1397
4191
3049
5289
8046
2395
5818
8455
4475
839
1512
7893
9115
8560
2815
4111
3477
3876
987
2005
7509
5565
3483
3806
292
5206
4433
4977
594
8403
2519
9109
903
6388
3663
2512
1352
9325
4468
8507
4917
6507
9984
375
2713
6808
6386
2934
2095
7228
2156
7013
8030
4236
8110
5104
8509
1080
670
1181
6456
2438
5207
9495
3493
7386
4070
4657
3452
6080
6432
9136
8314
3668
2992
9158
3851
1393
4593
4226
7359
7968
3379
4853
5871
3657
1498
156
9176
9682
4041
4915
1965
201
1934
7184
8970
7879
897
4217
928
4384
6833
4825
4701
4153
4009
4233
391
8604
9423
4129
749
4540
5061
7440
2086
9758
5945
5158
3954
2748
5454
8366
3192
1873
9932
8694
9020
9800
436
7247
8073
5005
1108
6783
1557
8746
7908
5883
1256
2826
4271
7989
4380
7965
7918
2097
5410
3120
5629
8730
1718
8060
7734
2207
6175
1395
120
6801
7346
1270
3341
7807
4805
4019
8986
2503
320
6327
8105
8356
6189
8608
1547
1047
8759
3761
276
4791
7839
6528
3166
4195
6498
3318
182
7961
5353
2408
5912
7737
8918
7856
1394
8503
2030
3206
2671
6121
9845
725
8023
742
5834
3508
1719
5174
7219
6316
8065
1742
1329
2469
8502
8767
8618
6007
2280
275
2203
2025
7636
8094
2063
926
2549
3219
4305
6285
8032
9652
5296
8006
9402
1652
6400
3135
9026
9055
3643
7321
4415
1713
5877
6544
7854
2053
6293
5111
9670
4280
783
9384
1650
1220
7087
7123
267
2110
8075
4221
7268
7604
1358
4467
1131
5849
9992
804
6201
24
9064
5745
9987
1571
7948
7342
6373
6026
2691
1438
580
1706
6884
2219
9102
688
7407
8699
7293
8541
4628
7639
4807
585
4638
9401
7353
7748
7641
5331
9177
4302
8440
1446
3153
3683
5518
1019
5545
8795
8603
7338
3457
1465
8412
9900
9498
3925
5150
2589
9599
5327
7559
7476
1779
6535
5601
7859
5172
9824
8907
3463
5216
4308
3864
1147
4301
4289
3664
6578
93
1644
5798
3425
6464
7185
6549
4046
338
2132
7191
7575
1633
2246
1488
2319
6965
7105
677
2511
9786
6248
4149
3405
7568
8993
8656
9293
8561
8531
8104
2559
2944
8121
6943
3746
1635
2859
5852
4994
6608
3165
6829
8871
4983
4885
9494
5708
7705
1306
8940
471
7768
2824
2831
5863
9260
6284
9950
8751
9888
6267
6220
8740
998
5474
2373
4935
3174
2329
1153
2103
6990
754
7910
1656
4553
4387
844
9505
9438
3593
8866
4753
3208
4744
5149
8992
6776
5154
6973
8294
5195
7031
479
174
6362
7675
242
693
9232
2732
9091
5926
8748
9820
7640
2358
7740
9040
8274
3382
4631
4238
4114
1319
4482
5538
2811
8317
739
8716
2297
4282
5980
1560
5513
5535
801
6531
8804
1514
6534
6942
3861
9010
8722
8808
8127
4710
5771
6094
8966
6974
9562
2071
8321
9322
5225
1993
7733
6957
3900
1653
8309
129
3378
6593
8686
8631
5960
4222
1285
3854
165
1363
7496
3055
1839
2115
4309
7068
2741
673
6372
5737
26
8833
8062
9289
9279
8246
6013
9060
5613
8265
4588
9405
6917
1829
3738
9358
6100
3749
1609
4335
8120
5425
4525
5310
8426
4567
9923
8394
8614
8306
6722
5742
2237
8113
2699
2994
3629
3474
7190
3809
6211
7865
4830
5166
1908
2392
5784
8615
4613
3835
3336
3630
1225
420
9473
3540
7335
2093
3492
8000
2738
5267
